	person1	person2	num_shared
0	0	1	3
1	0	2	1
2	0	3	2
3	0	4	2
4	0	5	4
5	0	6	2
6	0	7	1
7	0	8	2
8	0	9	3
9	0	10	1
10	0	11	3
11	0	12	4
12	0	13	3
13	0	14	2
14	0	15	2
15	0	16	2
16	0	17	2
17	0	18	3
18	0	19	2
19	0	20	2
20	0	21	2
21	0	22	1
22	0	23	3
23	0	24	2
24	0	25	3
25	0	26	3
26	0	27	2
27	0	28	2
28	0	29	4
29	0	30	1
30	0	31	2
31	0	32	1
32	0	33	3
33	0	34	1
35	0	36	2
36	0	37	2
37	0	38	3
38	0	39	2
39	0	40	2
40	0	41	1
41	0	42	2
43	0	44	1
44	0	45	2
45	0	46	2
46	0	47	1
47	0	48	1
48	0	49	2
49	0	50	2
50	0	51	2
51	0	52	2
52	0	53	1
53	0	54	2
54	1	2	2
55	1	3	2
56	1	4	2
57	1	5	4
58	1	6	1
60	1	8	3
61	1	9	2
62	1	10	1
63	1	11	3
64	1	12	4
65	1	13	4
66	1	14	3
67	1	15	3
68	1	16	2
69	1	17	1
70	1	18	3
71	1	19	3
72	1	20	3
73	1	21	3
74	1	22	1
75	1	23	4
76	1	24	2
77	1	25	4
78	1	26	4
79	1	27	3
80	1	28	2
81	1	29	3
82	1	30	1
83	1	31	3
84	1	32	1
85	1	33	3
86	1	34	1
88	1	36	2
89	1	37	1
90	1	38	4
91	1	39	3
92	1	40	2
93	1	41	2
94	1	42	2
96	1	44	1
97	1	45	2
98	1	46	2
99	1	47	2
100	1	48	1
101	1	49	3
102	1	50	3
103	1	51	1
104	1	52	1
105	1	53	1
106	1	54	1
107	2	3	2
108	2	4	1
109	2	5	2
112	2	8	3
113	2	9	1
114	2	10	1
115	2	11	2
116	2	12	2
117	2	13	2
118	2	14	2
119	2	15	2
120	2	16	1
122	2	18	1
123	2	19	2
124	2	20	2
125	2	21	2
126	2	22	1
127	2	23	2
128	2	24	2
129	2	25	2
130	2	26	2
131	2	27	2
132	2	28	2
133	2	29	1
134	2	30	1
135	2	31	2
136	2	32	1
137	2	33	1
138	2	34	2
140	2	36	2
141	2	37	1
142	2	38	2
143	2	39	2
144	2	40	1
145	2	41	2
146	2	42	1
147	2	43	1
148	2	44	2
149	2	45	1
150	2	46	1
151	2	47	2
152	2	48	1
153	2	49	2
154	2	50	2
155	2	51	1
156	2	52	1
157	2	53	1
158	2	54	1
159	3	4	1
160	3	5	3
161	3	6	1
162	3	7	1
163	3	8	2
164	3	9	2
165	3	10	1
166	3	11	1
167	3	12	3
168	3	13	2
169	3	14	2
170	3	15	2
171	3	16	1
172	3	17	1
173	3	18	2
174	3	19	2
175	3	20	2
176	3	21	2
178	3	23	2
179	3	24	1
180	3	25	2
181	3	26	2
182	3	27	2
183	3	28	3
184	3	29	2
185	3	30	1
186	3	31	2
187	3	32	1
188	3	33	1
189	3	34	1
191	3	36	3
192	3	37	1
193	3	38	2
194	3	39	2
195	3	40	1
196	3	41	2
197	3	42	1
199	3	44	1
200	3	45	1
201	3	46	1
202	3	47	2
203	3	48	1
204	3	49	2
205	3	50	2
206	3	51	2
207	3	52	2
208	3	53	1
209	3	54	2
210	4	5	2
211	4	6	1
213	4	8	1
214	4	9	1
215	4	10	1
216	4	11	2
217	4	12	2
218	4	13	2
219	4	14	2
220	4	15	2
221	4	16	2
222	4	17	1
223	4	18	1
224	4	19	1
225	4	20	1
226	4	21	2
227	4	22	1
228	4	23	2
229	4	24	2
230	4	25	2
231	4	26	2
232	4	27	1
233	4	28	1
234	4	29	2
235	4	30	1
236	4	31	1
237	4	32	1
238	4	33	2
239	4	34	1
241	4	36	1
242	4	37	1
243	4	38	2
244	4	39	2
245	4	40	1
246	4	41	1
247	4	42	1
249	4	44	1
250	4	45	2
251	4	46	2
252	4	47	1
253	4	48	1
254	4	49	1
255	4	50	2
256	4	51	1
257	4	52	1
258	4	53	1
259	4	54	1
260	5	6	2
261	5	7	1
262	5	8	3
263	5	9	3
264	5	10	1
265	5	11	3
266	5	12	5
267	5	13	4
268	5	14	3
269	5	15	3
270	5	16	2
271	5	17	2
272	5	18	4
273	5	19	3
274	5	20	3
275	5	21	3
276	5	22	1
277	5	23	4
278	5	24	2
279	5	25	4
280	5	26	4
281	5	27	3
282	5	28	3
283	5	29	4
284	5	30	1
285	5	31	3
286	5	32	1
287	5	33	3
288	5	34	1
290	5	36	3
291	5	37	2
292	5	38	4
293	5	39	3
294	5	40	2
295	5	41	2
296	5	42	2
298	5	44	1
299	5	45	2
300	5	46	2
301	5	47	2
302	5	48	1
303	5	49	3
304	5	50	3
305	5	51	2
306	5	52	2
307	5	53	1
308	5	54	2
309	6	7	1
311	6	9	1
313	6	11	1
314	6	12	2
315	6	13	1
316	6	14	1
317	6	15	1
318	6	16	1
319	6	17	2
320	6	18	2
323	6	21	1
324	6	22	1
325	6	23	1
326	6	24	1
327	6	25	1
328	6	26	1
330	6	28	1
331	6	29	2
335	6	33	1
338	6	36	1
339	6	37	2
340	6	38	1
341	6	39	1
347	6	45	1
348	6	46	1
352	6	50	1
353	6	51	1
354	6	52	1
356	6	54	1
358	7	9	1
361	7	12	1
366	7	17	1
367	7	18	1
377	7	28	1
378	7	29	1
385	7	36	1
386	7	37	1
400	7	51	1
401	7	52	1
403	7	54	1
404	8	9	2
405	8	10	1
406	8	11	3
407	8	12	3
408	8	13	3
409	8	14	2
410	8	15	2
411	8	16	1
413	8	18	2
414	8	19	3
415	8	20	3
416	8	21	2
417	8	22	1
418	8	23	3
419	8	24	2
420	8	25	3
421	8	26	3
422	8	27	3
423	8	28	2
424	8	29	2
425	8	30	1
426	8	31	3
427	8	32	1
428	8	33	2
429	8	34	2
431	8	36	2
432	8	37	1
433	8	38	3
434	8	39	2
435	8	40	2
436	8	41	2
437	8	42	2
438	8	43	1
439	8	44	2
440	8	45	1
441	8	46	1
442	8	47	2
443	8	48	1
444	8	49	3
445	8	50	2
446	8	51	1
447	8	52	1
448	8	53	1
449	8	54	1
450	9	10	1
451	9	11	2
452	9	12	3
453	9	13	2
454	9	14	1
455	9	15	1
456	9	16	1
457	9	17	1
458	9	18	3
459	9	19	2
460	9	20	2
461	9	21	1
463	9	23	2
464	9	24	1
465	9	25	2
466	9	26	2
467	9	27	2
468	9	28	2
469	9	29	3
470	9	30	1
471	9	31	2
472	9	32	1
473	9	33	2
474	9	34	1
476	9	36	2
477	9	37	1
478	9	38	2
479	9	39	1
480	9	40	2
481	9	41	1
482	9	42	2
484	9	44	1
485	9	45	1
486	9	46	1
487	9	47	1
488	9	48	1
489	9	49	2
490	9	50	1
491	9	51	2
492	9	52	2
493	9	53	1
494	9	54	2
495	10	11	1
496	10	12	1
497	10	13	1
498	10	14	1
499	10	15	2
500	10	16	2
503	10	19	1
504	10	20	1
505	10	21	1
506	10	22	1
507	10	23	1
508	10	24	1
509	10	25	1
510	10	26	1
511	10	27	1
512	10	28	1
513	10	29	1
514	10	30	1
515	10	31	1
516	10	32	1
517	10	33	1
518	10	34	1
519	10	35	1
520	10	36	1
522	10	38	1
523	10	39	1
524	10	40	1
525	10	41	1
526	10	42	1
528	10	44	1
529	10	45	1
530	10	46	1
531	10	47	1
532	10	48	1
533	10	49	1
534	10	50	1
535	10	51	1
536	10	52	1
537	10	53	1
538	10	54	1
539	11	12	3
540	11	13	3
541	11	14	2
542	11	15	2
543	11	16	2
544	11	17	1
545	11	18	2
546	11	19	2
547	11	20	2
548	11	21	2
549	11	22	2
550	11	23	3
551	11	24	3
552	11	25	3
553	11	26	3
554	11	27	2
555	11	28	1
556	11	29	3
557	11	30	1
558	11	31	2
559	11	32	1
560	11	33	3
561	11	34	2
563	11	36	1
564	11	37	2
565	11	38	3
566	11	39	2
567	11	40	2
568	11	41	1
569	11	42	2
570	11	43	1
571	11	44	2
572	11	45	2
573	11	46	2
574	11	47	1
575	11	48	1
576	11	49	2
577	11	50	2
578	11	51	1
579	11	52	1
580	11	53	1
581	11	54	1
582	12	13	4
583	12	14	3
584	12	15	3
585	12	16	2
586	12	17	2
587	12	18	4
588	12	19	3
589	12	20	3
590	12	21	3
591	12	22	1
592	12	23	4
593	12	24	2
594	12	25	4
595	12	26	4
596	12	27	3
597	12	28	3
598	12	29	4
599	12	30	1
600	12	31	3
601	12	32	1
602	12	33	3
603	12	34	1
605	12	36	3
606	12	37	2
607	12	38	4
608	12	39	3
609	12	40	2
610	12	41	2
611	12	42	2
613	12	44	1
614	12	45	2
615	12	46	2
616	12	47	2
617	12	48	1
618	12	49	3
619	12	50	3
620	12	51	2
621	12	52	2
622	12	53	1
623	12	54	2
624	13	14	3
625	13	15	3
626	13	16	2
627	13	17	1
628	13	18	3
629	13	19	3
630	13	20	3
631	13	21	3
632	13	22	1
633	13	23	4
634	13	24	2
635	13	25	4
636	13	26	4
637	13	27	3
638	13	28	2
639	13	29	3
640	13	30	1
641	13	31	3
642	13	32	1
643	13	33	3
644	13	34	1
646	13	36	2
647	13	37	1
648	13	38	4
649	13	39	3
650	13	40	2
651	13	41	2
652	13	42	2
654	13	44	1
655	13	45	2
656	13	46	2
657	13	47	2
658	13	48	1
659	13	49	3
660	13	50	3
661	13	51	1
662	13	52	1
663	13	53	1
664	13	54	1
665	14	15	3
666	14	16	2
667	14	17	1
668	14	18	2
669	14	19	2
670	14	20	2
671	14	21	3
672	14	22	1
673	14	23	3
674	14	24	2
675	14	25	3
676	14	26	3
677	14	27	2
678	14	28	2
679	14	29	2
680	14	30	1
681	14	31	2
682	14	32	1
683	14	33	2
684	14	34	1
686	14	36	2
687	14	37	1
688	14	38	3
689	14	39	3
690	14	40	1
691	14	41	2
692	14	42	1
694	14	44	1
695	14	45	2
696	14	46	2
697	14	47	2
698	14	48	1
699	14	49	2
700	14	50	3
701	14	51	1
702	14	52	1
703	14	53	1
704	14	54	1
705	15	16	3
706	15	17	1
707	15	18	2
708	15	19	2
709	15	20	2
710	15	21	3
711	15	22	2
712	15	23	3
713	15	24	2
714	15	25	3
715	15	26	3
716	15	27	2
717	15	28	2
718	15	29	2
719	15	30	1
720	15	31	2
721	15	32	1
722	15	33	2
723	15	34	1
724	15	35	1
725	15	36	2
726	15	37	1
727	15	38	3
728	15	39	3
729	15	40	1
730	15	41	2
731	15	42	1
733	15	44	1
734	15	45	2
735	15	46	2
736	15	47	2
737	15	48	1
738	15	49	2
739	15	50	3
740	15	51	1
741	15	52	1
742	15	53	1
743	15	54	1
744	16	17	1
745	16	18	1
746	16	19	1
747	16	20	1
748	16	21	2
749	16	22	2
750	16	23	2
751	16	24	2
752	16	25	2
753	16	26	2
754	16	27	1
755	16	28	1
756	16	29	2
757	16	30	1
758	16	31	1
759	16	32	1
760	16	33	2
761	16	34	1
762	16	35	1
763	16	36	1
764	16	37	1
765	16	38	2
766	16	39	2
767	16	40	1
768	16	41	1
769	16	42	1
771	16	44	1
772	16	45	2
773	16	46	2
774	16	47	1
775	16	48	1
776	16	49	1
777	16	50	2
778	16	51	1
779	16	52	1
780	16	53	1
781	16	54	1
782	17	18	2
785	17	21	1
786	17	22	1
787	17	23	1
788	17	24	1
789	17	25	1
790	17	26	1
792	17	28	1
793	17	29	2
797	17	33	1
800	17	36	1
801	17	37	2
802	17	38	1
803	17	39	1
809	17	45	1
810	17	46	1
814	17	50	1
815	17	51	1
816	17	52	1
818	17	54	1
819	18	19	2
820	18	20	2
821	18	21	2
822	18	22	1
823	18	23	3
824	18	24	1
825	18	25	3
826	18	26	3
827	18	27	2
828	18	28	2
829	18	29	3
831	18	31	2
833	18	33	2
836	18	36	2
837	18	37	2
838	18	38	3
839	18	39	2
840	18	40	1
841	18	41	1
842	18	42	1
845	18	45	1
846	18	46	1
847	18	47	1
849	18	49	2
850	18	50	2
851	18	51	1
852	18	52	1
854	18	54	1
855	19	20	3
856	19	21	2
858	19	23	3
859	19	24	1
860	19	25	3
861	19	26	3
862	19	27	3
863	19	28	2
864	19	29	2
865	19	30	1
866	19	31	3
867	19	32	1
868	19	33	2
869	19	34	1
871	19	36	2
873	19	38	3
874	19	39	2
875	19	40	2
876	19	41	2
877	19	42	2
879	19	44	1
880	19	45	1
881	19	46	1
882	19	47	2
883	19	48	1
884	19	49	3
885	19	50	2
886	19	51	1
887	19	52	1
888	19	53	1
889	19	54	1
890	20	21	2
892	20	23	3
893	20	24	1
894	20	25	3
895	20	26	3
896	20	27	3
897	20	28	2
898	20	29	2
899	20	30	1
900	20	31	3
901	20	32	1
902	20	33	2
903	20	34	1
905	20	36	2
907	20	38	3
908	20	39	2
909	20	40	2
910	20	41	2
911	20	42	2
913	20	44	1
914	20	45	1
915	20	46	1
916	20	47	2
917	20	48	1
918	20	49	3
919	20	50	2
920	20	51	1
921	20	52	1
922	20	53	1
923	20	54	1
924	21	22	1
925	21	23	3
926	21	24	2
927	21	25	3
928	21	26	3
929	21	27	2
930	21	28	2
931	21	29	2
932	21	30	1
933	21	31	2
934	21	32	1
935	21	33	2
936	21	34	1
938	21	36	2
939	21	37	1
940	21	38	3
941	21	39	3
942	21	40	1
943	21	41	2
944	21	42	1
946	21	44	1
947	21	45	2
948	21	46	2
949	21	47	2
950	21	48	1
951	21	49	2
952	21	50	3
953	21	51	1
954	21	52	1
955	21	53	1
956	21	54	1
957	22	23	1
958	22	24	2
959	22	25	1
960	22	26	1
963	22	29	1
967	22	33	1
968	22	34	1
969	22	35	1
971	22	37	2
972	22	38	1
973	22	39	1
977	22	43	1
978	22	44	1
979	22	45	1
980	22	46	1
984	22	50	1
989	23	24	2
990	23	25	4
991	23	26	4
992	23	27	3
993	23	28	2
994	23	29	3
995	23	30	1
996	23	31	3
997	23	32	1
998	23	33	3
999	23	34	1
1001	23	36	2
1002	23	37	1
1003	23	38	4
1004	23	39	3
1005	23	40	2
1006	23	41	2
1007	23	42	2
1009	23	44	1
1010	23	45	2
1011	23	46	2
1012	23	47	2
1013	23	48	1
1014	23	49	3
1015	23	50	3
1016	23	51	1
1017	23	52	1
1018	23	53	1
1019	23	54	1
1020	24	25	2
1021	24	26	2
1022	24	27	1
1023	24	28	1
1024	24	29	2
1025	24	30	1
1026	24	31	1
1027	24	32	1
1028	24	33	2
1029	24	34	2
1031	24	36	1
1032	24	37	2
1033	24	38	2
1034	24	39	2
1035	24	40	1
1036	24	41	1
1037	24	42	1
1038	24	43	1
1039	24	44	2
1040	24	45	2
1041	24	46	2
1042	24	47	1
1043	24	48	1
1044	24	49	1
1045	24	50	2
1046	24	51	1
1047	24	52	1
1048	24	53	1
1049	24	54	1
1050	25	26	4
1051	25	27	3
1052	25	28	2
1053	25	29	3
1054	25	30	1
1055	25	31	3
1056	25	32	1
1057	25	33	3
1058	25	34	1
1060	25	36	2
1061	25	37	1
1062	25	38	4
1063	25	39	3
1064	25	40	2
1065	25	41	2
1066	25	42	2
1068	25	44	1
1069	25	45	2
1070	25	46	2
1071	25	47	2
1072	25	48	1
1073	25	49	3
1074	25	50	3
1075	25	51	1
1076	25	52	1
1077	25	53	1
1078	25	54	1
1079	26	27	3
1080	26	28	2
1081	26	29	3
1082	26	30	1
1083	26	31	3
1084	26	32	1
1085	26	33	3
1086	26	34	1
1088	26	36	2
1089	26	37	1
1090	26	38	4
1091	26	39	3
1092	26	40	2
1093	26	41	2
1094	26	42	2
1096	26	44	1
1097	26	45	2
1098	26	46	2
1099	26	47	2
1100	26	48	1
1101	26	49	3
1102	26	50	3
1103	26	51	1
1104	26	52	1
1105	26	53	1
1106	26	54	1
1107	27	28	2
1108	27	29	2
1109	27	30	1
1110	27	31	3
1111	27	32	1
1112	27	33	2
1113	27	34	1
1115	27	36	2
1117	27	38	3
1118	27	39	2
1119	27	40	2
1120	27	41	2
1121	27	42	2
1123	27	44	1
1124	27	45	1
1125	27	46	1
1126	27	47	2
1127	27	48	1
1128	27	49	3
1129	27	50	2
1130	27	51	1
1131	27	52	1
1132	27	53	1
1133	27	54	1
1134	28	29	2
1135	28	30	1
1136	28	31	2
1137	28	32	1
1138	28	33	1
1139	28	34	1
1141	28	36	3
1142	28	37	1
1143	28	38	2
1144	28	39	2
1145	28	40	1
1146	28	41	2
1147	28	42	1
1149	28	44	1
1150	28	45	1
1151	28	46	1
1152	28	47	2
1153	28	48	1
1154	28	49	2
1155	28	50	2
1156	28	51	2
1157	28	52	2
1158	28	53	1
1159	28	54	2
1160	29	30	1
1161	29	31	2
1162	29	32	1
1163	29	33	3
1164	29	34	1
1166	29	36	2
1167	29	37	2
1168	29	38	3
1169	29	39	2
1170	29	40	2
1171	29	41	1
1172	29	42	2
1174	29	44	1
1175	29	45	2
1176	29	46	2
1177	29	47	1
1178	29	48	1
1179	29	49	2
1180	29	50	2
1181	29	51	2
1182	29	52	2
1183	29	53	1
1184	29	54	2
1185	30	31	1
1186	30	32	1
1187	30	33	1
1188	30	34	1
1190	30	36	1
1192	30	38	1
1193	30	39	1
1194	30	40	1
1195	30	41	1
1196	30	42	1
1198	30	44	1
1199	30	45	1
1200	30	46	1
1201	30	47	1
1202	30	48	1
1203	30	49	1
1204	30	50	1
1205	30	51	1
1206	30	52	1
1207	30	53	1
1208	30	54	1
1209	31	32	1
1210	31	33	2
1211	31	34	1
1213	31	36	2
1215	31	38	3
1216	31	39	2
1217	31	40	2
1218	31	41	2
1219	31	42	2
1221	31	44	1
1222	31	45	1
1223	31	46	1
1224	31	47	2
1225	31	48	1
1226	31	49	3
1227	31	50	2
1228	31	51	1
1229	31	52	1
1230	31	53	1
1231	31	54	1
1232	32	33	1
1233	32	34	1
1235	32	36	1
1237	32	38	1
1238	32	39	1
1239	32	40	1
1240	32	41	1
1241	32	42	1
1243	32	44	1
1244	32	45	1
1245	32	46	1
1246	32	47	1
1247	32	48	1
1248	32	49	1
1249	32	50	1
1250	32	51	1
1251	32	52	1
1252	32	53	1
1253	32	54	1
1254	33	34	1
1256	33	36	1
1257	33	37	1
1258	33	38	3
1259	33	39	2
1260	33	40	2
1261	33	41	1
1262	33	42	2
1264	33	44	1
1265	33	45	2
1266	33	46	2
1267	33	47	1
1268	33	48	1
1269	33	49	2
1270	33	50	2
1271	33	51	1
1272	33	52	1
1273	33	53	1
1274	33	54	1
1275	34	35	1
1276	34	36	1
1277	34	37	1
1278	34	38	1
1279	34	39	1
1280	34	40	1
1281	34	41	1
1282	34	42	1
1283	34	43	1
1284	34	44	2
1285	34	45	1
1286	34	46	1
1287	34	47	1
1288	34	48	1
1289	34	49	1
1290	34	50	1
1291	34	51	1
1292	34	52	1
1293	34	53	1
1294	34	54	1
1314	36	37	1
1315	36	38	2
1316	36	39	2
1317	36	40	1
1318	36	41	2
1319	36	42	1
1321	36	44	1
1322	36	45	1
1323	36	46	1
1324	36	47	3
1325	36	48	1
1326	36	49	2
1327	36	50	2
1328	36	51	2
1329	36	52	2
1330	36	53	1
1331	36	54	2
1332	37	38	1
1333	37	39	1
1337	37	43	1
1338	37	44	1
1339	37	45	1
1340	37	46	1
1344	37	50	1
1345	37	51	1
1346	37	52	1
1348	37	54	1
1349	38	39	3
1350	38	40	2
1351	38	41	2
1352	38	42	2
1354	38	44	1
1355	38	45	2
1356	38	46	2
1357	38	47	2
1358	38	48	1
1359	38	49	3
1360	38	50	3
1361	38	51	1
1362	38	52	1
1363	38	53	1
1364	38	54	1
1365	39	40	1
1366	39	41	2
1367	39	42	1
1369	39	44	1
1370	39	45	2
1371	39	46	2
1372	39	47	2
1373	39	48	1
1374	39	49	2
1375	39	50	3
1376	39	51	1
1377	39	52	1
1378	39	53	1
1379	39	54	1
1380	40	41	1
1381	40	42	2
1383	40	44	1
1384	40	45	1
1385	40	46	1
1386	40	47	1
1387	40	48	1
1388	40	49	2
1389	40	50	1
1390	40	51	1
1391	40	52	1
1392	40	53	1
1393	40	54	1
1394	41	42	1
1396	41	44	1
1397	41	45	1
1398	41	46	1
1399	41	47	2
1400	41	48	1
1401	41	49	2
1402	41	50	2
1403	41	51	1
1404	41	52	1
1405	41	53	1
1406	41	54	1
1408	42	44	1
1409	42	45	1
1410	42	46	1
1411	42	47	1
1412	42	48	1
1413	42	49	2
1414	42	50	1
1415	42	51	1
1416	42	52	1
1417	42	53	1
1418	42	54	1
1419	43	44	1
1430	44	45	1
1431	44	46	1
1432	44	47	1
1433	44	48	1
1434	44	49	1
1435	44	50	1
1436	44	51	1
1437	44	52	1
1438	44	53	1
1439	44	54	1
1440	45	46	2
1441	45	47	1
1442	45	48	1
1443	45	49	1
1444	45	50	2
1445	45	51	1
1446	45	52	1
1447	45	53	1
1448	45	54	1
1449	46	47	1
1450	46	48	1
1451	46	49	1
1452	46	50	2
1453	46	51	1
1454	46	52	1
1455	46	53	1
1456	46	54	1
1457	47	48	1
1458	47	49	2
1459	47	50	2
1460	47	51	1
1461	47	52	1
1462	47	53	1
1463	47	54	1
1464	48	49	1
1465	48	50	1
1466	48	51	1
1467	48	52	1
1468	48	53	1
1469	48	54	1
1470	49	50	2
1471	49	51	1
1472	49	52	1
1473	49	53	1
1474	49	54	1
1475	50	51	1
1476	50	52	1
1477	50	53	1
1478	50	54	1
1479	51	52	2
1480	51	53	1
1481	51	54	2
1482	52	53	1
1483	52	54	2
1484	53	54	1
