	person1	person2	num_shared
0	55	56	2
1	55	57	2
4	55	60	1
6	55	62	1
8	55	64	3
9	55	65	2
10	55	66	1
14	55	70	1
16	55	72	1
17	55	73	2
18	55	74	1
19	55	75	2
20	55	76	1
21	55	77	1
24	55	80	1
26	55	82	1
27	55	83	1
28	55	84	1
29	55	85	4
30	55	86	2
31	55	87	4
36	55	92	1
37	55	93	1
38	55	94	1
39	55	95	1
41	55	97	3
42	55	98	2
43	55	99	1
44	55	100	2
46	55	102	1
47	55	103	2
49	55	105	1
51	55	107	1
52	55	108	1
53	55	109	1
54	55	110	1
60	55	116	1
62	55	118	2
63	55	119	2
65	55	121	1
66	55	122	1
68	55	124	4
71	55	127	1
74	55	130	1
77	55	133	1
78	55	134	2
79	55	135	1
80	55	136	2
84	55	140	1
85	55	141	4
86	55	142	1
88	55	144	1
92	55	148	1
93	55	149	1
94	55	150	2
95	55	151	1
96	55	152	1
97	56	57	4
98	56	58	1
99	56	59	1
100	56	60	2
103	56	63	2
104	56	64	1
105	56	65	1
106	56	66	3
107	56	67	2
108	56	68	1
110	56	70	1
111	56	71	1
112	56	72	2
113	56	73	1
114	56	74	3
115	56	75	2
116	56	76	3
117	56	77	4
118	56	78	2
119	56	79	2
121	56	81	1
122	56	82	4
123	56	83	1
124	56	84	2
125	56	85	1
126	56	86	2
128	56	88	1
129	56	89	3
131	56	91	4
132	56	92	2
133	56	93	1
134	56	94	1
135	56	95	1
136	56	96	2
137	56	97	2
138	56	98	2
141	56	101	4
142	56	102	1
143	56	103	1
144	56	104	3
145	56	105	2
146	56	106	3
147	56	107	4
148	56	108	1
149	56	109	2
150	56	110	1
151	56	111	1
152	56	112	1
153	56	113	3
154	56	114	2
155	56	115	4
156	56	116	5
157	56	117	2
158	56	118	2
159	56	119	3
160	56	120	1
162	56	122	1
163	56	123	1
164	56	124	2
165	56	125	1
166	56	126	2
167	56	127	1
168	56	128	2
169	56	129	1
172	56	132	2
173	56	133	1
175	56	135	1
176	56	136	3
177	56	137	2
179	56	139	2
180	56	140	1
181	56	141	4
182	56	142	3
184	56	144	2
185	56	145	1
186	56	146	1
187	56	147	1
188	56	148	2
189	56	149	2
190	56	150	3
191	56	151	3
192	56	152	3
193	57	58	1
196	57	61	2
198	57	63	1
199	57	64	2
202	57	67	1
204	57	69	1
205	57	70	1
206	57	71	2
207	57	72	1
208	57	73	1
209	57	74	1
211	57	76	3
212	57	77	1
213	57	78	2
214	57	79	1
217	57	82	2
219	57	84	1
220	57	85	1
221	57	86	3
222	57	87	2
224	57	89	1
226	57	91	2
229	57	94	1
230	57	95	2
231	57	96	3
232	57	97	3
233	57	98	2
235	57	100	1
236	57	101	3
237	57	102	2
238	57	103	1
239	57	104	2
240	57	105	1
241	57	106	1
242	57	107	2
243	57	108	1
244	57	109	1
246	57	111	2
247	57	112	1
248	57	113	2
250	57	115	1
251	57	116	3
252	57	117	1
253	57	118	4
254	57	119	2
255	57	120	1
256	57	121	1
257	57	122	1
258	57	123	2
259	57	124	2
262	57	127	1
263	57	128	1
264	57	129	2
265	57	130	1
266	57	131	2
267	57	132	1
268	57	133	1
269	57	134	1
270	57	135	2
271	57	136	4
272	57	137	1
274	57	139	1
275	57	140	2
276	57	141	5
278	57	143	1
279	57	144	1
280	57	145	2
281	57	146	2
282	57	147	1
283	57	148	2
285	57	150	5
286	57	151	2
287	57	152	3
292	58	63	1
295	58	66	2
296	58	67	1
297	58	68	1
300	58	71	2
303	58	74	1
305	58	76	2
306	58	77	1
307	58	78	1
312	58	83	1
322	58	93	1
326	58	97	1
327	58	98	1
328	58	99	1
331	58	102	1
332	58	103	1
333	58	104	1
334	58	105	1
337	58	108	1
340	58	111	1
344	58	115	1
347	58	118	1
350	58	121	1
355	58	126	1
357	58	128	2
358	58	129	2
361	58	132	1
362	58	133	1
366	58	137	1
370	58	141	2
371	58	142	2
372	58	143	1
374	58	145	1
375	58	146	1
377	58	148	3
381	58	152	1
384	59	62	1
385	59	63	1
387	59	65	1
391	59	69	1
392	59	70	1
394	59	72	1
395	59	73	1
396	59	74	3
398	59	76	2
400	59	78	1
401	59	79	1
403	59	81	1
404	59	82	1
405	59	83	1
406	59	84	2
407	59	85	1
409	59	87	1
410	59	88	1
411	59	89	2
412	59	90	1
414	59	92	1
416	59	94	2
417	59	95	1
420	59	98	3
422	59	100	1
424	59	102	1
428	59	106	2
429	59	107	1
430	59	108	1
431	59	109	2
432	59	110	1
433	59	111	1
434	59	112	2
438	59	116	1
439	59	117	2
440	59	118	1
441	59	119	4
442	59	120	1
444	59	122	3
446	59	124	1
448	59	126	2
449	59	127	1
451	59	129	3
454	59	132	1
455	59	133	1
457	59	135	2
458	59	136	1
461	59	139	1
464	59	142	1
466	59	144	2
468	59	146	1
469	59	147	2
471	59	149	1
472	59	150	1
476	60	62	1
478	60	64	1
479	60	65	1
486	60	72	1
489	60	75	1
496	60	82	1
499	60	85	1
502	60	88	1
505	60	91	2
512	60	98	1
515	60	101	1
522	60	108	1
527	60	113	1
528	60	114	1
529	60	115	1
531	60	117	1
533	60	119	1
538	60	124	1
539	60	125	1
550	60	136	2
555	60	141	1
558	60	144	2
564	60	150	1
567	61	62	2
569	61	64	2
570	61	65	2
574	61	69	1
575	61	70	1
576	61	71	2
578	61	73	1
581	61	76	1
584	61	79	2
586	61	81	1
587	61	82	1
588	61	83	2
589	61	84	2
591	61	86	1
594	61	89	1
599	61	94	1
600	61	95	1
601	61	96	1
602	61	97	2
603	61	98	2
604	61	99	2
606	61	101	2
607	61	102	2
608	61	103	1
609	61	104	2
611	61	106	1
613	61	108	1
615	61	110	1
616	61	111	1
617	61	112	2
619	61	114	1
620	61	115	1
621	61	116	1
623	61	118	1
624	61	119	1
625	61	120	1
626	61	121	1
628	61	123	1
629	61	124	2
634	61	129	1
636	61	131	2
637	61	132	1
638	61	133	1
639	61	134	2
640	61	135	1
641	61	136	3
645	61	140	1
646	61	141	1
648	61	143	1
651	61	146	1
654	61	149	1
655	61	150	1
657	61	152	1
658	62	63	1
659	62	64	2
660	62	65	3
662	62	67	1
665	62	70	2
666	62	71	1
670	62	75	1
671	62	76	1
672	62	77	2
673	62	78	1
674	62	79	2
676	62	81	3
677	62	82	1
678	62	83	1
679	62	84	2
680	62	85	1
681	62	86	1
682	62	87	1
684	62	89	1
685	62	90	2
689	62	94	2
692	62	97	1
693	62	98	2
694	62	99	2
698	62	103	2
699	62	104	2
704	62	109	2
705	62	110	1
706	62	111	2
707	62	112	1
708	62	113	1
709	62	114	2
710	62	115	2
712	62	117	1
714	62	119	1
716	62	121	1
719	62	124	4
721	62	126	1
723	62	128	1
726	62	131	3
729	62	134	1
731	62	136	1
736	62	141	1
738	62	143	1
739	62	144	2
741	62	146	1
742	62	147	1
747	62	152	1
748	63	64	1
749	63	65	1
751	63	67	1
753	63	69	2
754	63	70	1
755	63	71	1
756	63	72	3
757	63	73	2
758	63	74	2
759	63	75	2
760	63	76	1
761	63	77	3
765	63	81	2
766	63	82	1
767	63	83	1
768	63	84	1
769	63	85	1
770	63	86	1
771	63	87	2
773	63	89	1
778	63	94	1
780	63	96	1
781	63	97	2
782	63	98	2
783	63	99	1
785	63	101	1
786	63	102	3
787	63	103	2
788	63	104	2
790	63	106	1
793	63	109	2
794	63	110	1
796	63	112	2
797	63	113	1
798	63	114	1
799	63	115	1
800	63	116	2
801	63	117	1
802	63	118	1
803	63	119	1
804	63	120	1
806	63	122	2
808	63	124	2
809	63	125	2
810	63	126	1
812	63	128	1
815	63	131	1
816	63	132	1
819	63	135	1
820	63	136	2
821	63	137	1
823	63	139	1
824	63	140	1
825	63	141	1
826	63	142	1
828	63	144	1
831	63	147	1
832	63	148	1
833	63	149	3
835	63	151	2
836	63	152	1
837	64	65	2
842	64	70	2
843	64	71	2
844	64	72	1
845	64	73	2
848	64	76	1
849	64	77	1
850	64	78	1
851	64	79	2
853	64	81	2
854	64	82	1
855	64	83	3
856	64	84	1
857	64	85	1
858	64	86	2
859	64	87	3
861	64	89	1
865	64	93	1
866	64	94	1
867	64	95	2
868	64	96	1
869	64	97	2
870	64	98	2
871	64	99	1
873	64	101	2
875	64	103	2
876	64	104	1
877	64	105	1
878	64	106	1
879	64	107	1
880	64	108	1
881	64	109	2
884	64	112	2
885	64	113	1
886	64	114	2
887	64	115	2
888	64	116	2
889	64	117	1
890	64	118	3
892	64	120	1
895	64	123	1
896	64	124	1
897	64	125	1
899	64	127	1
903	64	131	1
904	64	132	1
905	64	133	1
907	64	135	1
908	64	136	2
911	64	139	1
912	64	140	2
913	64	141	3
915	64	143	1
916	64	144	1
920	64	148	1
921	64	149	2
922	64	150	1
923	64	151	2
924	64	152	2
925	65	66	1
926	65	67	1
928	65	69	1
929	65	70	3
930	65	71	2
931	65	72	1
934	65	75	2
936	65	77	4
937	65	78	2
938	65	79	2
940	65	81	1
941	65	82	1
942	65	83	2
943	65	84	3
944	65	85	4
947	65	88	1
948	65	89	3
949	65	90	1
951	65	92	3
952	65	93	2
953	65	94	2
955	65	96	1
956	65	97	2
957	65	98	2
958	65	99	3
961	65	102	1
962	65	103	3
963	65	104	2
964	65	105	2
966	65	107	1
969	65	110	3
971	65	112	1
972	65	113	1
973	65	114	2
974	65	115	2
975	65	116	3
977	65	118	1
978	65	119	2
980	65	121	2
983	65	124	3
984	65	125	1
988	65	129	1
990	65	131	2
991	65	132	1
992	65	133	1
993	65	134	2
994	65	135	2
995	65	136	1
1000	65	141	3
1001	65	142	1
1002	65	143	1
1007	65	148	1
1008	65	149	1
1009	65	150	1
1010	65	151	1
1011	65	152	1
1013	66	68	1
1015	66	70	1
1016	66	71	2
1019	66	74	1
1021	66	76	2
1022	66	77	2
1023	66	78	1
1027	66	82	1
1028	66	83	1
1029	66	84	1
1030	66	85	1
1034	66	89	1
1037	66	92	1
1038	66	93	2
1043	66	98	1
1048	66	103	1
1050	66	105	1
1051	66	106	1
1052	66	107	2
1060	66	115	1
1061	66	116	1
1062	66	117	1
1063	66	118	1
1064	66	119	2
1066	66	121	1
1069	66	124	1
1071	66	126	1
1073	66	128	1
1074	66	129	1
1077	66	132	1
1078	66	133	1
1082	66	137	1
1086	66	141	1
1087	66	142	2
1091	66	146	1
1093	66	148	1
1095	66	150	2
1099	67	69	2
1101	67	71	2
1102	67	72	1
1103	67	73	1
1104	67	74	1
1105	67	75	1
1106	67	76	3
1107	67	77	1
1108	67	78	1
1111	67	81	1
1115	67	85	1
1116	67	86	2
1117	67	87	1
1118	67	88	1
1120	67	90	1
1124	67	94	1
1127	67	97	1
1128	67	98	1
1134	67	104	4
1135	67	105	2
1138	67	108	1
1139	67	109	3
1140	67	110	2
1141	67	111	4
1142	67	112	1
1144	67	114	3
1146	67	116	2
1147	67	117	1
1148	67	118	2
1149	67	119	1
1151	67	121	1
1154	67	124	1
1155	67	125	1
1156	67	126	1
1157	67	127	2
1159	67	129	2
1162	67	132	1
1165	67	135	1
1167	67	137	1
1171	67	141	3
1173	67	143	1
1174	67	144	1
1175	67	145	2
1176	67	146	3
1177	67	147	2
1178	67	148	2
1181	67	151	1
1182	67	152	1
1184	68	70	1
1186	68	72	1
1188	68	74	3
1189	68	75	1
1190	68	76	1
1191	68	77	2
1196	68	82	1
1197	68	83	3
1198	68	84	1
1201	68	87	1
1205	68	91	1
1207	68	93	1
1209	68	95	1
1210	68	96	2
1211	68	97	1
1216	68	102	1
1224	68	110	1
1226	68	112	1
1227	68	113	1
1229	68	115	1
1231	68	117	1
1232	68	118	1
1233	68	119	1
1234	68	120	1
1236	68	122	1
1239	68	125	1
1240	68	126	1
1241	68	127	1
1242	68	128	1
1243	68	129	1
1244	68	130	1
1246	68	132	3
1247	68	133	1
1249	68	135	1
1250	68	136	1
1251	68	137	2
1256	68	142	1
1268	69	71	1
1269	69	72	1
1270	69	73	1
1271	69	74	2
1274	69	77	1
1278	69	81	1
1280	69	83	1
1281	69	84	1
1282	69	85	1
1283	69	86	1
1284	69	87	1
1286	69	89	1
1293	69	96	1
1294	69	97	1
1298	69	101	1
1299	69	102	1
1301	69	104	3
1302	69	105	1
1306	69	109	1
1308	69	111	1
1311	69	114	1
1312	69	115	1
1313	69	116	1
1314	69	117	2
1315	69	118	1
1316	69	119	2
1317	69	120	1
1319	69	122	1
1321	69	124	1
1322	69	125	1
1324	69	127	1
1326	69	129	1
1328	69	131	1
1329	69	132	1
1330	69	133	1
1331	69	134	1
1332	69	135	3
1333	69	136	1
1337	69	140	2
1338	69	141	1
1343	69	146	1
1344	69	147	1
1345	69	148	3
1347	69	150	1
1348	69	151	1
1350	70	71	2
1352	70	73	3
1354	70	75	1
1355	70	76	2
1356	70	77	4
1357	70	78	2
1358	70	79	2
1360	70	81	2
1361	70	82	2
1362	70	83	3
1363	70	84	4
1365	70	86	1
1366	70	87	2
1367	70	88	1
1368	70	89	1
1369	70	90	1
1371	70	92	2
1372	70	93	1
1373	70	94	3
1376	70	97	2
1377	70	98	1
1378	70	99	1
1380	70	101	2
1382	70	103	1
1383	70	104	2
1384	70	105	1
1385	70	106	1
1388	70	109	3
1389	70	110	2
1391	70	112	1
1392	70	113	1
1393	70	114	3
1394	70	115	2
1395	70	116	1
1398	70	119	1
1399	70	120	1
1401	70	122	1
1402	70	123	3
1403	70	124	4
1404	70	125	1
1406	70	127	1
1407	70	128	1
1408	70	129	1
1409	70	130	2
1410	70	131	2
1411	70	132	1
1412	70	133	1
1414	70	135	3
1415	70	136	3
1420	70	141	3
1421	70	142	2
1422	70	143	1
1424	70	145	1
1428	70	149	2
1429	70	150	2
1432	71	72	1
1433	71	73	1
1436	71	76	1
1438	71	78	1
1439	71	79	3
1441	71	81	1
1442	71	82	2
1443	71	83	1
1444	71	84	1
1445	71	85	1
1446	71	86	2
1449	71	89	1
1450	71	90	1
1451	71	91	1
1452	71	92	2
1453	71	93	2
1454	71	94	1
1455	71	95	1
1456	71	96	1
1457	71	97	3
1458	71	98	2
1459	71	99	1
1461	71	101	1
1464	71	104	1
1466	71	106	1
1468	71	108	1
1469	71	109	1
1471	71	111	1
1472	71	112	1
1473	71	113	1
1474	71	114	4
1476	71	116	2
1477	71	117	1
1478	71	118	2
1481	71	121	1
1482	71	122	1
1483	71	123	2
1484	71	124	2
1488	71	128	1
1489	71	129	1
1490	71	130	1
1491	71	131	1
1493	71	133	1
1495	71	135	1
1496	71	136	2
1500	71	140	1
1501	71	141	2
1502	71	142	1
1503	71	143	2
1505	71	145	1
1506	71	146	2
1508	71	148	2
1511	71	151	1
1512	71	152	1
1514	72	74	2
1515	72	75	3
1516	72	76	1
1517	72	77	1
1519	72	79	1
1521	72	81	1
1523	72	83	1
1524	72	84	3
1525	72	85	1
1527	72	87	3
1529	72	89	1
1532	72	92	3
1536	72	96	1
1537	72	97	2
1538	72	98	1
1539	72	99	1
1540	72	100	1
1541	72	101	1
1542	72	102	3
1544	72	104	1
1546	72	106	1
1548	72	108	1
1552	72	112	2
1554	72	114	2
1555	72	115	1
1556	72	116	4
1557	72	117	1
1562	72	122	2
1563	72	123	1
1564	72	124	2
1566	72	126	1
1569	72	129	1
1573	72	133	1
1574	72	134	1
1575	72	135	1
1576	72	136	3
1577	72	137	1
1578	72	138	1
1579	72	139	1
1582	72	142	1
1584	72	144	3
1585	72	145	1
1587	72	147	1
1589	72	149	3
1590	72	150	1
1593	73	74	2
1595	73	76	4
1596	73	77	1
1599	73	80	1
1600	73	81	1
1601	73	82	1
1602	73	83	2
1603	73	84	2
1605	73	86	2
1606	73	87	5
1608	73	89	1
1609	73	90	1
1611	73	92	2
1612	73	93	1
1614	73	95	1
1615	73	96	1
1617	73	98	3
1619	73	100	1
1620	73	101	3
1621	73	102	1
1622	73	103	2
1623	73	104	1
1624	73	105	1
1625	73	106	2
1628	73	109	5
1629	73	110	2
1631	73	112	1
1632	73	113	1
1633	73	114	2
1634	73	115	2
1635	73	116	3
1636	73	117	1
1637	73	118	2
1638	73	119	3
1639	73	120	1
1640	73	121	3
1641	73	122	3
1642	73	123	1
1643	73	124	5
1644	73	125	2
1645	73	126	3
1647	73	128	2
1649	73	130	1
1651	73	132	2
1652	73	133	1
1654	73	135	2
1655	73	136	2
1656	73	137	1
1659	73	140	2
1660	73	141	2
1661	73	142	2
1663	73	144	1
1665	73	146	1
1668	73	149	2
1669	73	150	1
1670	73	151	1
1671	73	152	2
1672	74	75	1
1673	74	76	1
1674	74	77	1
1675	74	78	1
1679	74	82	1
1680	74	83	3
1681	74	84	1
1682	74	85	1
1684	74	87	2
1686	74	89	2
1688	74	91	1
1690	74	93	1
1691	74	94	1
1692	74	95	2
1693	74	96	1
1694	74	97	2
1695	74	98	2
1698	74	101	1
1699	74	102	2
1700	74	103	1
1701	74	104	2
1702	74	105	2
1703	74	106	2
1704	74	107	2
1705	74	108	1
1707	74	110	2
1709	74	112	2
1712	74	115	2
1713	74	116	3
1714	74	117	2
1715	74	118	2
1716	74	119	3
1717	74	120	1
1719	74	122	4
1721	74	124	2
1722	74	125	1
1723	74	126	3
1725	74	128	2
1726	74	129	2
1728	74	131	1
1729	74	132	2
1730	74	133	1
1731	74	134	1
1732	74	135	2
1733	74	136	2
1734	74	137	2
1736	74	139	1
1737	74	140	1
1739	74	142	1
1742	74	145	1
1744	74	147	1
1745	74	148	1
1746	74	149	1
1747	74	150	1
1748	74	151	1
1749	74	152	2
1750	75	76	1
1751	75	77	2
1752	75	78	1
1754	75	80	1
1756	75	82	1
1757	75	83	2
1758	75	84	2
1760	75	86	1
1761	75	87	1
1762	75	88	1
1763	75	89	1
1766	75	92	3
1767	75	93	2
1768	75	94	3
1769	75	95	2
1771	75	97	4
1772	75	98	1
1773	75	99	2
1775	75	101	3
1776	75	102	1
1777	75	103	1
1778	75	104	4
1779	75	105	2
1783	75	109	1
1784	75	110	3
1785	75	111	1
1787	75	113	2
1788	75	114	1
1789	75	115	2
1790	75	116	2
1791	75	117	2
1792	75	118	1
1793	75	119	3
1794	75	120	1
1795	75	121	1
1796	75	122	2
1797	75	123	1
1798	75	124	3
1799	75	125	2
1800	75	126	1
1801	75	127	1
1803	75	129	1
1805	75	131	2
1806	75	132	2
1808	75	134	3
1809	75	135	2
1810	75	136	2
1811	75	137	2
1812	75	138	1
1814	75	140	1
1816	75	142	1
1818	75	144	2
1819	75	145	1
1821	75	147	1
1822	75	148	2
1823	75	149	2
1824	75	150	1
1825	75	151	1
1826	75	152	1
1827	76	77	2
1828	76	78	1
1829	76	79	1
1831	76	81	1
1832	76	82	1
1833	76	83	1
1834	76	84	1
1836	76	86	1
1837	76	87	2
1838	76	88	1
1839	76	89	1
1840	76	90	1
1842	76	92	1
1844	76	94	1
1845	76	95	1
1846	76	96	2
1848	76	98	2
1850	76	100	1
1851	76	101	1
1852	76	102	1
1854	76	104	1
1856	76	106	3
1857	76	107	1
1858	76	108	1
1859	76	109	5
1860	76	110	2
1861	76	111	2
1863	76	113	1
1864	76	114	1
1865	76	115	2
1866	76	116	1
1867	76	117	2
1868	76	118	2
1869	76	119	1
1871	76	121	1
1872	76	122	1
1874	76	124	3
1875	76	125	1
1876	76	126	2
1877	76	127	2
1878	76	128	1
1879	76	129	2
1882	76	132	2
1887	76	137	3
1889	76	139	1
1890	76	140	1
1891	76	141	3
1892	76	142	2
1893	76	143	1
1894	76	144	3
1895	76	145	2
1896	76	146	2
1897	76	147	3
1898	76	148	2
1899	76	149	1
1900	76	150	1
1901	76	151	1
1902	76	152	2
1903	77	78	2
1904	77	79	1
1906	77	81	2
1907	77	82	1
1908	77	83	4
1909	77	84	1
1910	77	85	2
1911	77	86	1
1912	77	87	4
1914	77	89	2
1915	77	90	2
1917	77	92	3
1918	77	93	2
1919	77	94	1
1921	77	96	2
1924	77	99	1
1926	77	101	1
1927	77	102	1
1928	77	103	2
1929	77	104	2
1930	77	105	3
1932	77	107	1
1934	77	109	1
1935	77	110	1
1936	77	111	1
1937	77	112	1
1938	77	113	2
1939	77	114	2
1940	77	115	2
1941	77	116	1
1943	77	118	1
1944	77	119	2
1945	77	120	2
1946	77	121	1
1947	77	122	2
1948	77	123	1
1949	77	124	4
1950	77	125	1
1951	77	126	2
1952	77	127	2
1953	77	128	1
1954	77	129	1
1955	77	130	1
1956	77	131	3
1957	77	132	3
1958	77	133	2
1960	77	135	2
1962	77	137	2
1966	77	141	2
1967	77	142	3
1969	77	144	3
1971	77	146	2
1972	77	147	2
1973	77	148	1
1974	77	149	1
1976	77	151	2
1978	78	79	1
1980	78	81	1
1982	78	83	1
1983	78	84	2
1985	78	86	2
1987	78	88	1
1988	78	89	1
1990	78	91	1
1991	78	92	2
1992	78	93	1
1993	78	94	1
1994	78	95	1
1995	78	96	1
1997	78	98	2
1998	78	99	1
2000	78	101	2
2003	78	104	1
2004	78	105	3
2005	78	106	3
2006	78	107	3
2008	78	109	1
2009	78	110	1
2012	78	113	2
2013	78	114	1
2014	78	115	2
2015	78	116	1
2016	78	117	1
2017	78	118	1
2018	78	119	2
2020	78	121	2
2021	78	122	2
2023	78	124	1
2026	78	127	2
2027	78	128	1
2028	78	129	2
2029	78	130	1
2030	78	131	1
2031	78	132	1
2032	78	133	1
2034	78	135	2
2038	78	139	1
2039	78	140	1
2040	78	141	1
2041	78	142	1
2043	78	144	1
2045	78	146	1
2046	78	147	1
2047	78	148	2
2049	78	150	3
2050	78	151	2
2051	78	152	2
2053	79	81	2
2054	79	82	2
2055	79	83	1
2056	79	84	3
2061	79	89	1
2062	79	90	2
2063	79	91	1
2064	79	92	1
2066	79	94	2
2067	79	95	1
2068	79	96	1
2069	79	97	2
2070	79	98	2
2071	79	99	1
2073	79	101	1
2076	79	104	1
2078	79	106	2
2081	79	109	1
2083	79	111	1
2084	79	112	1
2086	79	114	3
2088	79	116	2
2089	79	117	1
2090	79	118	1
2095	79	123	1
2096	79	124	1
2103	79	131	1
2105	79	133	1
2108	79	136	1
2113	79	141	1
2115	79	143	1
2116	79	144	1
2119	79	147	1
2120	79	148	1
2121	79	149	2
2123	79	151	1
2126	80	82	1
2131	80	87	1
2132	80	88	1
2138	80	94	1
2142	80	98	1
2145	80	101	1
2166	80	122	1
2170	80	126	1
2177	80	133	1
2178	80	134	1
2184	80	140	1
2188	80	144	1
2193	80	149	1
2197	81	82	2
2198	81	83	1
2199	81	84	1
2201	81	86	1
2202	81	87	1
2204	81	89	1
2205	81	90	1
2207	81	92	3
2209	81	94	2
2212	81	97	1
2213	81	98	4
2214	81	99	1
2215	81	100	1
2216	81	101	2
2217	81	102	1
2218	81	103	1
2219	81	104	1
2220	81	105	1
2224	81	109	3
2225	81	110	1
2226	81	111	2
2227	81	112	2
2229	81	114	2
2230	81	115	1
2231	81	116	3
2232	81	117	1
2233	81	118	1
2235	81	120	1
2236	81	121	2
2237	81	122	1
2238	81	123	1
2239	81	124	3
2240	81	125	1
2241	81	126	1
2242	81	127	1
2244	81	129	1
2246	81	131	2
2247	81	132	2
2250	81	135	1
2255	81	140	1
2257	81	142	2
2258	81	143	1
2259	81	144	1
2260	81	145	1
2262	81	147	1
2263	81	148	1
2264	81	149	1
2266	81	151	2
2267	81	152	2
2268	82	83	2
2269	82	84	1
2270	82	85	2
2271	82	86	1
2272	82	87	1
2273	82	88	1
2274	82	89	1
2276	82	91	3
2279	82	94	2
2281	82	96	1
2282	82	97	2
2283	82	98	2
2284	82	99	1
2285	82	100	1
2286	82	101	2
2289	82	104	2
2291	82	106	3
2292	82	107	1
2293	82	108	1
2296	82	111	1
2298	82	113	1
2299	82	114	3
2300	82	115	2
2301	82	116	1
2304	82	119	2
2305	82	120	1
2307	82	122	2
2309	82	124	2
2310	82	125	1
2311	82	126	1
2315	82	130	1
2316	82	131	2
2318	82	133	1
2320	82	135	1
2321	82	136	1
2326	82	141	1
2327	82	142	1
2328	82	143	1
2329	82	144	2
2336	82	151	3
2338	83	84	1
2341	83	87	1
2343	83	89	2
2346	83	92	2
2347	83	93	2
2348	83	94	1
2349	83	95	1
2351	83	97	2
2352	83	98	3
2353	83	99	1
2355	83	101	2
2356	83	102	2
2357	83	103	2
2358	83	104	3
2359	83	105	3
2362	83	108	2
2364	83	110	2
2368	83	114	2
2369	83	115	4
2370	83	116	1
2371	83	117	1
2373	83	119	1
2374	83	120	1
2375	83	121	1
2376	83	122	3
2378	83	124	1
2379	83	125	3
2380	83	126	2
2381	83	127	1
2382	83	128	1
2383	83	129	3
2384	83	130	1
2385	83	131	1
2386	83	132	1
2387	83	133	3
2388	83	134	1
2389	83	135	3
2390	83	136	1
2391	83	137	1
2395	83	141	1
2396	83	142	1
2397	83	143	1
2398	83	144	1
2400	83	146	1
2401	83	147	1
2402	83	148	1
2403	83	149	2
2407	84	85	1
2408	84	86	1
2409	84	87	2
2410	84	88	1
2411	84	89	2
2412	84	90	1
2414	84	92	3
2415	84	93	1
2416	84	94	2
2417	84	95	1
2418	84	96	1
2419	84	97	1
2420	84	98	1
2421	84	99	2
2422	84	100	1
2423	84	101	3
2424	84	102	2
2425	84	103	1
2426	84	104	2
2427	84	105	1
2429	84	107	1
2431	84	109	2
2432	84	110	1
2433	84	111	1
2434	84	112	1
2436	84	114	2
2437	84	115	1
2438	84	116	3
2440	84	118	1
2441	84	119	3
2442	84	120	1
2445	84	123	1
2446	84	124	3
2450	84	128	1
2451	84	129	2
2453	84	131	2
2454	84	132	1
2455	84	133	2
2456	84	134	2
2457	84	135	3
2458	84	136	4
2460	84	138	1
2462	84	140	1
2463	84	141	2
2464	84	142	2
2465	84	143	1
2466	84	144	1
2468	84	146	1
2470	84	148	1
2471	84	149	2
2472	84	150	2
2475	85	86	1
2476	85	87	1
2478	85	89	1
2479	85	90	1
2481	85	92	1
2482	85	93	1
2483	85	94	1
2485	85	96	1
2486	85	97	3
2487	85	98	1
2489	85	100	2
2492	85	103	1
2494	85	105	1
2495	85	106	1
2496	85	107	2
2499	85	110	1
2503	85	114	1
2505	85	116	3
2507	85	118	1
2508	85	119	1
2510	85	121	1
2511	85	122	1
2513	85	124	1
2516	85	127	1
2519	85	130	1
2522	85	133	1
2525	85	136	1
2530	85	141	3
2531	85	142	1
2539	85	150	1
2540	85	151	1
2542	86	87	2
2545	86	90	2
2547	86	92	2
2548	86	93	1
2549	86	94	1
2551	86	96	2
2552	86	97	2
2553	86	98	2
2555	86	100	1
2556	86	101	4
2557	86	102	1
2558	86	103	1
2559	86	104	2
2561	86	106	1
2562	86	107	1
2564	86	109	5
2566	86	111	3
2567	86	112	2
2568	86	113	2
2569	86	114	3
2570	86	115	1
2571	86	116	1
2572	86	117	1
2573	86	118	2
2574	86	119	3
2575	86	120	1
2577	86	122	2
2578	86	123	1
2579	86	124	2
2580	86	125	1
2582	86	127	1
2583	86	128	1
2584	86	129	1
2585	86	130	2
2586	86	131	1
2587	86	132	2
2588	86	133	1
2589	86	134	1
2590	86	135	3
2591	86	136	2
2594	86	139	1
2595	86	140	4
2596	86	141	4
2597	86	142	2
2599	86	144	1
2601	86	146	2
2603	86	148	2
2604	86	149	1
2605	86	150	2
2606	86	151	3
2607	86	152	3
2609	87	89	1
2610	87	90	1
2613	87	93	2
2614	87	94	2
2616	87	96	1
2618	87	98	2
2621	87	101	2
2622	87	102	2
2623	87	103	2
2624	87	104	1
2625	87	105	1
2626	87	106	1
2627	87	107	1
2628	87	108	1
2629	87	109	3
2630	87	110	1
2631	87	111	1
2632	87	112	2
2634	87	114	2
2635	87	115	1
2636	87	116	2
2638	87	118	2
2639	87	119	3
2640	87	120	1
2641	87	121	1
2642	87	122	2
2644	87	124	4
2645	87	125	1
2647	87	127	1
2648	87	128	1
2652	87	132	1
2654	87	134	1
2655	87	135	2
2656	87	136	2
2657	87	137	1
2660	87	140	2
2664	87	144	3
2666	87	146	1
2667	87	147	2
2668	87	148	1
2669	87	149	1
2670	87	150	1
2671	87	151	1
2672	87	152	1
2675	88	91	1
2682	88	98	1
2685	88	101	2
2688	88	104	1
2692	88	108	1
2697	88	113	1
2698	88	114	2
2699	88	115	1
2703	88	119	2
2708	88	124	1
2709	88	125	2
2711	88	127	1
2713	88	129	1
2719	88	135	1
2720	88	136	1
2728	88	144	2
2729	88	145	1
2731	88	147	1
2733	88	149	1
2734	88	150	1
2737	89	90	1
2738	89	91	1
2739	89	92	2
2740	89	93	1
2741	89	94	1
2742	89	95	2
2743	89	96	1
2744	89	97	1
2745	89	98	3
2746	89	99	1
2747	89	100	1
2748	89	101	1
2749	89	102	2
2750	89	103	1
2751	89	104	1
2752	89	105	2
2753	89	106	1
2754	89	107	2
2756	89	109	1
2757	89	110	2
2759	89	112	1
2761	89	114	1
2762	89	115	1
2763	89	116	2
2766	89	119	2
2768	89	121	2
2771	89	124	1
2772	89	125	1
2774	89	127	1
2775	89	128	1
2778	89	131	1
2780	89	133	1
2781	89	134	1
2782	89	135	2
2783	89	136	1
2786	89	139	1
2789	89	142	1
2790	89	143	1
2791	89	144	1
2794	89	147	1
2795	89	148	2
2796	89	149	1
2797	89	150	1
2799	89	152	1
2801	90	92	1
2803	90	94	1
2805	90	96	1
2807	90	98	1
2810	90	101	2
2813	90	104	1
2814	90	105	1
2818	90	109	3
2819	90	110	1
2820	90	111	2
2822	90	113	1
2823	90	114	3
2826	90	117	2
2827	90	118	1
2828	90	119	1
2830	90	121	1
2831	90	122	1
2832	90	123	1
2833	90	124	2
2835	90	126	2
2837	90	128	1
2839	90	130	1
2842	90	133	1
2844	90	135	1
2845	90	136	1
2850	90	141	1
2851	90	142	1
2853	90	144	2
2855	90	146	2
2856	90	147	1
2857	90	148	2
2859	90	150	1
2861	90	152	1
2865	91	95	1
2866	91	96	2
2868	91	98	1
2871	91	101	2
2875	91	105	1
2876	91	106	1
2877	91	107	1
2878	91	108	1
2883	91	113	1
2884	91	114	2
2885	91	115	1
2886	91	116	1
2889	91	119	1
2895	91	125	1
2898	91	128	1
2901	91	131	1
2902	91	132	1
2906	91	136	1
2914	91	144	1
2920	91	150	1
2921	91	151	1
2922	91	152	1
2923	92	93	3
2924	92	94	1
2925	92	95	1
2927	92	97	1
2928	92	98	1
2929	92	99	1
2930	92	100	2
2931	92	101	3
2932	92	102	2
2933	92	103	2
2934	92	104	2
2935	92	105	2
2937	92	107	2
2939	92	109	2
2940	92	110	1
2942	92	112	1
2943	92	113	2
2944	92	114	2
2945	92	115	2
2946	92	116	4
2948	92	118	1
2949	92	119	2
2951	92	121	1
2952	92	122	2
2953	92	123	2
2954	92	124	2
2955	92	125	1
2956	92	126	1
2958	92	128	1
2959	92	129	1
2960	92	130	2
2961	92	131	2
2962	92	132	2
2963	92	133	1
2964	92	134	1
2965	92	135	2
2966	92	136	1
2970	92	140	1
2971	92	141	2
2972	92	142	5
2974	92	144	1
2975	92	145	1
2977	92	147	1
2978	92	148	1
2979	92	149	2
2981	92	151	1
2984	93	95	1
2986	93	97	1
2987	93	98	2
2991	93	102	1
2992	93	103	3
2993	93	104	1
2994	93	105	3
2996	93	107	1
2999	93	110	2
3002	93	113	1
3003	93	114	1
3004	93	115	2
3005	93	116	2
3006	93	117	1
3007	93	118	2
3008	93	119	1
3009	93	120	2
3010	93	121	2
3011	93	122	2
3013	93	124	1
3014	93	125	1
3016	93	127	1
3021	93	132	1
3022	93	133	1
3023	93	134	1
3024	93	135	1
3026	93	137	1
3029	93	140	1
3030	93	141	1
3031	93	142	1
3037	93	148	2
3044	94	97	2
3045	94	98	2
3046	94	99	2
3051	94	104	3
3053	94	106	1
3054	94	107	1
3056	94	109	3
3057	94	110	1
3058	94	111	2
3059	94	112	1
3060	94	113	2
3061	94	114	1
3063	94	116	2
3064	94	117	1
3066	94	119	2
3069	94	122	1
3070	94	123	1
3071	94	124	1
3078	94	131	2
3079	94	132	1
3081	94	134	1
3082	94	135	1
3083	94	136	2
3087	94	140	1
3088	94	141	1
3090	94	143	2
3091	94	144	1
3092	94	145	1
3094	94	147	1
3095	94	148	1
3096	94	149	1
3097	94	150	1
3098	94	151	1
3101	95	97	3
3104	95	100	1
3105	95	101	2
3109	95	105	1
3111	95	107	1
3113	95	109	1
3114	95	110	1
3116	95	112	1
3120	95	116	2
3121	95	117	1
3122	95	118	2
3123	95	119	2
3124	95	120	1
3126	95	122	1
3127	95	123	1
3132	95	128	1
3136	95	132	1
3137	95	133	1
3140	95	136	1
3141	95	137	2
3145	95	141	1
3146	95	142	1
3148	95	144	1
3153	95	149	1
3154	95	150	1
3156	95	152	1
3161	96	101	2
3162	96	102	2
3164	96	104	1
3166	96	106	2
3167	96	107	1
3169	96	109	1
3170	96	110	1
3171	96	111	1
3173	96	113	1
3174	96	114	1
3175	96	115	1
3176	96	116	1
3177	96	117	1
3178	96	118	1
3179	96	119	1
3180	96	120	1
3181	96	121	1
3182	96	122	1
3184	96	124	2
3187	96	127	1
3189	96	129	1
3191	96	131	1
3192	96	132	1
3193	96	133	2
3194	96	134	1
3195	96	135	1
3196	96	136	1
3197	96	137	1
3199	96	139	1
3200	96	140	3
3201	96	141	2
3204	96	144	1
3206	96	146	1
3207	96	147	1
3208	96	148	1
3210	96	150	2
3211	96	151	2
3212	96	152	2
3213	97	98	2
3214	97	99	2
3215	97	100	2
3216	97	101	2
3217	97	102	1
3218	97	103	1
3219	97	104	4
3225	97	110	1
3227	97	112	1
3229	97	114	2
3231	97	116	3
3232	97	117	1
3233	97	118	2
3234	97	119	2
3235	97	120	1
3237	97	122	2
3238	97	123	2
3239	97	124	1
3241	97	126	1
3242	97	127	1
3243	97	128	1
3244	97	129	1
3245	97	130	1
3246	97	131	2
3247	97	132	1
3250	97	135	1
3251	97	136	2
3252	97	137	2
3256	97	141	3
3257	97	142	1
3258	97	143	1
3260	97	145	2
3263	97	148	2
3264	97	149	1
3265	97	150	2
3266	97	151	1
3267	97	152	1
3268	98	99	1
3269	98	100	1
3270	98	101	2
3271	98	102	2
3272	98	103	2
3273	98	104	1
3274	98	105	2
3275	98	106	2
3277	98	108	1
3278	98	109	2
3279	98	110	4
3280	98	111	1
3281	98	112	2
3283	98	114	1
3284	98	115	1
3285	98	116	3
3286	98	117	1
3287	98	118	3
3288	98	119	1
3290	98	121	5
3291	98	122	1
3293	98	124	3
3294	98	125	2
3295	98	126	1
3296	98	127	1
3298	98	129	2
3299	98	130	1
3300	98	131	2
3301	98	132	1
3302	98	133	2
3303	98	134	1
3304	98	135	2
3305	98	136	2
3308	98	139	1
3309	98	140	1
3310	98	141	1
3311	98	142	1
3312	98	143	1
3313	98	144	2
3316	98	147	2
3317	98	148	2
3318	98	149	4
3319	98	150	1
3320	98	151	2
3321	98	152	1
3324	99	102	1
3325	99	103	2
3326	99	104	3
3332	99	110	1
3334	99	112	1
3335	99	113	1
3336	99	114	1
3337	99	115	1
3338	99	116	1
3341	99	119	1
3345	99	123	1
3346	99	124	1
3350	99	128	1
3353	99	131	2
3354	99	132	1
3356	99	134	2
3357	99	135	1
3358	99	136	1
3360	99	138	1
3363	99	141	1
3364	99	142	1
3365	99	143	1
3370	99	148	1
3373	99	151	1
3374	99	152	1
3376	100	102	1
3380	100	106	1
3382	100	108	2
3383	100	109	1
3388	100	114	1
3389	100	115	1
3390	100	116	1
3393	100	119	1
3396	100	122	1
3400	100	126	1
3401	100	127	1
3404	100	130	1
3415	100	141	1
3416	100	142	2
3418	100	144	1
3419	100	145	1
3424	100	150	1
3425	100	151	1
3427	101	102	3
3428	101	103	1
3429	101	104	3
3430	101	105	1
3431	101	106	1
3432	101	107	2
3433	101	108	2
3434	101	109	3
3436	101	111	2
3437	101	112	2
3438	101	113	3
3439	101	114	3
3440	101	115	3
3441	101	116	2
3442	101	117	1
3443	101	118	2
3444	101	119	2
3445	101	120	1
3447	101	122	1
3448	101	123	2
3449	101	124	2
3450	101	125	2
3452	101	127	1
3453	101	128	3
3454	101	129	2
3455	101	130	1
3456	101	131	2
3457	101	132	3
3458	101	133	1
3459	101	134	1
3460	101	135	3
3461	101	136	4
3462	101	137	1
3464	101	139	1
3465	101	140	3
3466	101	141	3
3467	101	142	3
3469	101	144	3
3471	101	146	1
3473	101	148	2
3474	101	149	3
3475	101	150	3
3476	101	151	2
3477	101	152	3
3478	102	103	3
3479	102	104	2
3480	102	105	1
3481	102	106	1
3483	102	108	1
3485	102	110	1
3486	102	111	1
3487	102	112	1
3488	102	113	1
3489	102	114	1
3490	102	115	2
3491	102	116	2
3494	102	119	1
3495	102	120	1
3496	102	121	1
3497	102	122	2
3499	102	124	2
3500	102	125	1
3501	102	126	1
3503	102	128	2
3504	102	129	1
3506	102	131	1
3507	102	132	2
3508	102	133	1
3509	102	134	3
3510	102	135	3
3511	102	136	3
3512	102	137	1
3513	102	138	1
3514	102	139	2
3515	102	140	1
3516	102	141	2
3517	102	142	2
3519	102	144	1
3520	102	145	1
3521	102	146	1
3522	102	147	1
3523	102	148	2
3524	102	149	1
3525	102	150	1
3528	103	104	1
3529	103	105	3
3531	103	107	1
3533	103	109	1
3534	103	110	2
3536	103	112	3
3538	103	114	1
3539	103	115	3
3540	103	116	3
3542	103	118	2
3544	103	120	1
3545	103	121	1
3548	103	124	2
3549	103	125	2
3552	103	128	2
3555	103	131	1
3556	103	132	1
3558	103	134	3
3559	103	135	3
3564	103	140	1
3565	103	141	2
3566	103	142	2
3572	103	148	2
3573	103	149	1
3575	103	151	1
3576	103	152	2
3577	104	105	1
3581	104	109	1
3583	104	111	3
3585	104	113	2
3586	104	114	3
3587	104	115	2
3588	104	116	1
3589	104	117	2
3590	104	118	1
3591	104	119	4
3592	104	120	1
3594	104	122	2
3595	104	123	1
3596	104	124	3
3597	104	125	2
3599	104	127	2
3600	104	128	1
3601	104	129	2
3603	104	131	3
3604	104	132	2
3605	104	133	1
3606	104	134	1
3607	104	135	3
3608	104	136	2
3612	104	140	1
3613	104	141	3
3614	104	142	2
3615	104	143	1
3616	104	144	2
3617	104	145	2
3618	104	146	2
3619	104	147	2
3620	104	148	2
3621	104	149	1
3622	104	150	2
3623	104	151	2
3626	105	107	2
3629	105	110	2
3633	105	114	1
3634	105	115	2
3635	105	116	3
3636	105	117	1
3637	105	118	2
3639	105	120	1
3640	105	121	2
3641	105	122	1
3643	105	124	1
3644	105	125	1
3645	105	126	2
3646	105	127	1
3647	105	128	1
3648	105	129	1
3653	105	134	1
3654	105	135	3
3660	105	141	2
3661	105	142	1
3663	105	144	1
3665	105	146	1
3667	105	148	4
3669	105	150	2
3670	105	151	1
3671	105	152	2
3672	106	107	2
3673	106	108	2
3674	106	109	1
3677	106	112	1
3678	106	113	1
3679	106	114	1
3680	106	115	1
3681	106	116	1
3682	106	117	1
3683	106	118	1
3684	106	119	1
3686	106	121	2
3687	106	122	1
3689	106	124	1
3691	106	126	1
3692	106	127	1
3701	106	136	1
3704	106	139	2
3705	106	140	1
3706	106	141	1
3713	106	148	1
3714	106	149	2
3715	106	150	1
3716	106	151	2
3717	106	152	2
3719	107	109	1
3723	107	113	1
3725	107	115	1
3726	107	116	3
3727	107	117	1
3728	107	118	3
3729	107	119	2
3732	107	122	1
3734	107	124	1
3737	107	127	1
3738	107	128	1
3740	107	130	1
3749	107	139	1
3750	107	140	1
3751	107	141	2
3752	107	142	1
3757	107	147	1
3758	107	148	1
3759	107	149	1
3760	107	150	3
3761	107	151	1
3762	107	152	2
3764	108	110	1
3765	108	111	1
3767	108	113	1
3768	108	114	1
3769	108	115	1
3772	108	118	1
3773	108	119	1
3776	108	122	1
3779	108	125	1
3780	108	126	1
3783	108	129	2
3787	108	133	1
3790	108	136	2
3795	108	141	1
3797	108	143	1
3798	108	144	2
3799	108	145	1
3800	108	146	1
3801	108	147	1
3802	108	148	1
3806	108	152	3
3807	109	110	3
3808	109	111	3
3809	109	112	2
3810	109	113	2
3811	109	114	2
3812	109	115	1
3813	109	116	2
3814	109	117	2
3815	109	118	2
3816	109	119	2
3819	109	122	1
3820	109	123	1
3821	109	124	4
3822	109	125	1
3823	109	126	1
3824	109	127	1
3825	109	128	1
3827	109	130	1
3829	109	132	2
3832	109	135	2
3833	109	136	2
3834	109	137	1
3836	109	139	1
3837	109	140	2
3838	109	141	3
3839	109	142	2
3841	109	144	3
3843	109	146	2
3844	109	147	1
3845	109	148	2
3846	109	149	2
3847	109	150	1
3848	109	151	2
3849	109	152	2
3851	110	112	1
3854	110	115	2
3855	110	116	3
3856	110	117	1
3857	110	118	2
3858	110	119	1
3859	110	120	1
3860	110	121	3
3861	110	122	2
3863	110	124	1
3864	110	125	1
3865	110	126	2
3866	110	127	1
3868	110	129	2
3870	110	131	1
3871	110	132	2
3872	110	133	2
3873	110	134	2
3874	110	135	1
3875	110	136	1
3876	110	137	2
3880	110	141	1
3881	110	142	1
3885	110	146	1
3886	110	147	1
3887	110	148	1
3888	110	149	1
3891	110	152	1
3892	111	112	1
3894	111	114	1
3895	111	115	1
3896	111	116	1
3897	111	117	1
3898	111	118	1
3899	111	119	2
3900	111	120	1
3904	111	124	2
3909	111	129	2
3911	111	131	1
3912	111	132	1
3913	111	133	1
3914	111	134	1
3915	111	135	1
3916	111	136	1
3920	111	140	1
3921	111	141	3
3922	111	142	1
3923	111	143	1
3924	111	144	3
3925	111	145	1
3926	111	146	3
3927	111	147	1
3928	111	148	1
3930	111	150	1
3932	111	152	2
3935	112	115	1
3936	112	116	2
3938	112	118	3
3939	112	119	1
3940	112	120	1
3942	112	122	1
3943	112	123	2
3945	112	125	1
3946	112	126	1
3947	112	127	1
3949	112	129	1
3951	112	131	1
3952	112	132	3
3954	112	134	1
3955	112	135	2
3956	112	136	3
3959	112	139	1
3960	112	140	1
3962	112	142	1
3966	112	146	1
3969	112	149	2
3971	112	151	1
3972	112	152	2
3973	113	114	2
3974	113	115	2
3976	113	117	1
3977	113	118	1
3978	113	119	2
3980	113	121	1
3981	113	122	2
3982	113	123	1
3983	113	124	2
3984	113	125	1
3985	113	126	1
3986	113	127	2
3987	113	128	1
3989	113	130	1
3990	113	131	2
3991	113	132	2
3994	113	135	1
3995	113	136	2
3998	113	139	1
3999	113	140	1
4000	113	141	2
4001	113	142	1
4002	113	143	1
4003	113	144	1
4007	113	148	2
4008	113	149	1
4009	113	150	1
4010	113	151	2
4011	113	152	1
4012	114	115	3
4013	114	116	2
4016	114	119	2
4017	114	120	1
4019	114	122	2
4020	114	123	1
4021	114	124	3
4022	114	125	2
4023	114	126	1
4024	114	127	1
4025	114	128	1
4027	114	130	1
4028	114	131	1
4032	114	135	1
4033	114	136	2
4038	114	141	1
4039	114	142	3
4040	114	143	1
4041	114	144	2
4042	114	145	2
4043	114	146	1
4044	114	147	1
4045	114	148	1
4048	114	151	1
4050	115	116	2
4051	115	117	2
4052	115	118	1
4053	115	119	2
4054	115	120	1
4055	115	121	1
4056	115	122	2
4058	115	124	1
4059	115	125	3
4060	115	126	2
4061	115	127	1
4062	115	128	1
4063	115	129	1
4066	115	132	1
4068	115	134	2
4069	115	135	1
4070	115	136	1
4071	115	137	1
4073	115	139	1
4074	115	140	1
4075	115	141	1
4076	115	142	3
4078	115	144	2
4079	115	145	1
4082	115	148	2
4084	115	150	1
4085	115	151	1
4086	115	152	2
4088	116	118	4
4089	116	119	1
4091	116	121	1
4092	116	122	2
4093	116	123	3
4094	116	124	2
4095	116	125	2
4096	116	126	2
4098	116	128	1
4101	116	131	1
4102	116	132	2
4103	116	133	1
4104	116	134	2
4105	116	135	4
4106	116	136	3
4107	116	137	1
4108	116	138	1
4110	116	140	2
4111	116	141	3
4112	116	142	3
4115	116	145	2
4116	116	146	1
4118	116	148	1
4119	116	149	2
4120	116	150	2
4121	116	151	1
4122	116	152	4
4123	117	118	2
4124	117	119	2
4125	117	120	1
4127	117	122	2
4129	117	124	1
4130	117	125	1
4131	117	126	1
4132	117	127	1
4137	117	132	1
4142	117	137	1
4144	117	139	1
4145	117	140	1
4146	117	141	1
4149	117	144	2
4151	117	146	1
4152	117	147	2
4153	117	148	3
4155	117	150	3
4156	117	151	1
4157	117	152	2
4158	118	119	3
4159	118	120	2
4160	118	121	1
4161	118	122	3
4162	118	123	1
4163	118	124	2
4164	118	125	1
4165	118	126	3
4166	118	127	2
4168	118	129	2
4170	118	131	1
4171	118	132	3
4174	118	135	3
4175	118	136	2
4176	118	137	1
4178	118	139	1
4179	118	140	2
4180	118	141	3
4181	118	142	2
4182	118	143	1
4184	118	145	1
4185	118	146	3
4187	118	148	3
4188	118	149	2
4189	118	150	3
4190	118	151	3
4191	118	152	3
4192	119	120	3
4193	119	121	1
4194	119	122	5
4196	119	124	3
4197	119	125	2
4198	119	126	1
4199	119	127	1
4201	119	129	3
4203	119	131	2
4204	119	132	4
4205	119	133	1
4206	119	134	1
4207	119	135	3
4208	119	136	3
4209	119	137	1
4212	119	140	1
4213	119	141	1
4214	119	142	1
4216	119	144	3
4218	119	146	3
4220	119	148	1
4222	119	150	4
4223	119	151	1
4224	119	152	1
4226	120	122	2
4230	120	126	1
4231	120	127	1
4233	120	129	2
4235	120	131	1
4236	120	132	3
4237	120	133	1
4238	120	134	1
4239	120	135	2
4240	120	136	1
4241	120	137	2
4244	120	140	1
4245	120	141	1
4250	120	146	2
4254	120	150	1
4255	120	151	1
4259	121	124	2
4260	121	125	1
4261	121	126	1
4262	121	127	2
4264	121	129	1
4268	121	133	2
4269	121	134	1
4270	121	135	1
4271	121	136	1
4283	121	148	2
4284	121	149	2
4285	121	150	1
4288	122	123	1
4289	122	124	2
4290	122	125	1
4291	122	126	4
4292	122	127	2
4293	122	128	1
4294	122	129	2
4295	122	130	1
4297	122	132	2
4298	122	133	2
4300	122	135	3
4301	122	136	1
4302	122	137	2
4306	122	141	1
4307	122	142	2
4309	122	144	2
4310	122	145	1
4311	122	146	2
4312	122	147	2
4313	122	148	1
4317	122	152	1
4318	123	124	1
4322	123	128	1
4324	123	130	1
4325	123	131	1
4326	123	132	1
4328	123	134	1
4329	123	135	3
4330	123	136	4
4332	123	138	1
4335	123	141	2
4336	123	142	2
4339	123	145	1
4344	123	150	1
4348	124	126	1
4350	124	128	1
4351	124	129	1
4352	124	130	1
4353	124	131	2
4356	124	134	1
4357	124	135	3
4358	124	136	2
4359	124	137	1
4362	124	140	1
4363	124	141	2
4364	124	142	3
4365	124	143	1
4366	124	144	4
4368	124	146	1
4369	124	147	1
4370	124	148	1
4371	124	149	1
4372	124	150	3
4374	124	152	1
4376	125	127	2
4378	125	129	1
4379	125	130	1
4381	125	132	1
4382	125	133	2
4383	125	134	2
4384	125	135	2
4385	125	136	1
4388	125	139	1
4389	125	140	1
4393	125	144	1
4394	125	145	1
4396	125	147	1
4397	125	148	1
4398	125	149	1
4400	125	151	1
4401	125	152	1
4402	126	127	1
4403	126	128	1
4404	126	129	3
4406	126	131	2
4407	126	132	3
4408	126	133	2
4410	126	135	1
4412	126	137	2
4416	126	141	2
4417	126	142	2
4420	126	145	2
4421	126	146	3
4422	126	147	1
4423	126	148	2
4425	126	150	1
4427	126	152	1
4428	127	128	1
4429	127	129	2
4430	127	130	2
4431	127	131	1
4432	127	132	1
4433	127	133	1
4435	127	135	2
4439	127	139	2
4440	127	140	1
4441	127	141	1
4445	127	145	1
4446	127	146	1
4447	127	147	2
4448	127	148	2
4450	127	150	2
4451	127	151	1
4452	127	152	1
4453	128	129	1
4454	128	130	2
4455	128	131	2
4456	128	132	1
4459	128	135	1
4460	128	136	1
4461	128	137	1
4463	128	139	1
4465	128	141	2
4466	128	142	3
4472	128	148	1
4474	128	150	1
4476	128	152	1
4478	129	131	1
4479	129	132	3
4480	129	133	2
4481	129	134	1
4482	129	135	3
4483	129	136	1
4484	129	137	1
4486	129	139	1
4487	129	140	1
4488	129	141	2
4489	129	142	1
4490	129	143	1
4492	129	145	1
4493	129	146	3
4494	129	147	1
4495	129	148	1
4496	129	149	1
4497	129	150	2
4499	129	152	1
4500	130	131	1
4502	130	133	1
4504	130	135	1
4505	130	136	1
4508	130	139	1
4510	130	141	2
4511	130	142	1
4516	130	147	1
4520	130	151	1
4522	131	132	3
4523	131	133	1
4524	131	134	1
4525	131	135	1
4526	131	136	1
4529	131	139	1
4530	131	140	1
4531	131	141	1
4532	131	142	2
4533	131	143	1
4535	131	145	1
4536	131	146	1
4540	131	150	1
4541	131	151	1
4543	132	133	1
4544	132	134	1
4545	132	135	3
4546	132	136	1
4547	132	137	3
4550	132	140	2
4551	132	141	2
4552	132	142	2
4556	132	146	3
4559	132	149	1
4560	132	150	1
4561	132	151	2
4562	132	152	1
4563	133	134	2
4564	133	135	1
4565	133	136	1
4569	133	140	1
4570	133	141	2
4575	133	146	1
4576	133	147	1
4577	133	148	1
4578	133	149	2
4579	133	150	1
4582	134	135	4
4583	134	136	2
4585	134	138	1
4587	134	140	2
4588	134	141	1
4593	134	146	1
4595	134	148	1
4597	134	150	1
4599	134	152	1
4600	135	136	4
4602	135	138	1
4604	135	140	2
4605	135	141	3
4606	135	142	1
4608	135	144	1
4609	135	145	1
4610	135	146	3
4611	135	147	1
4612	135	148	3
4613	135	149	1
4614	135	150	3
4615	135	151	2
4616	135	152	1
4618	136	138	1
4619	136	139	1
4620	136	140	1
4621	136	141	4
4622	136	142	1
4624	136	144	1
4625	136	145	1
4626	136	146	1
4629	136	149	2
4630	136	150	3
4636	137	141	1
4637	137	142	1
4639	137	144	1
4641	137	146	1
4642	137	147	1
4648	138	139	1
4662	139	140	1
4663	139	141	1
4670	139	148	1
4671	139	149	1
4672	139	150	1
4673	139	151	1
4674	139	152	1
4675	140	141	2
4680	140	146	1
4682	140	148	1
4683	140	149	1
4684	140	150	2
4685	140	151	2
4686	140	152	3
4687	141	142	3
4688	141	143	1
4690	141	145	2
4691	141	146	3
4693	141	148	4
4694	141	149	2
4695	141	150	3
4696	141	151	2
4697	141	152	2
4699	142	144	2
4700	142	145	1
4703	142	148	1
4709	143	145	1
4710	143	146	1
4712	143	148	2
4716	143	152	1
4718	144	146	2
4719	144	147	2
4721	144	149	1
4722	144	150	1
4725	145	146	1
4726	145	147	1
4727	145	148	1
4729	145	150	1
4731	145	152	1
4733	146	148	1
4735	146	150	1
4737	146	152	1
4738	147	148	1
4744	148	150	2
4745	148	151	2
4746	148	152	4
4747	149	150	1
4748	149	151	1
4749	149	152	1
4750	150	151	1
4751	150	152	3
4752	151	152	2
