	person1	person2	num_shared
0	55	56	3
1	55	57	3
2	55	58	1
3	55	59	2
4	55	60	2
5	55	61	3
6	55	62	2
7	55	63	3
8	55	64	1
9	55	65	2
10	55	66	1
11	55	67	1
12	55	68	1
13	55	69	2
14	55	70	1
15	55	71	1
16	55	72	2
17	55	73	1
18	55	74	1
19	55	75	3
20	55	76	3
21	55	77	2
22	55	78	2
23	55	79	1
24	55	80	1
25	55	81	1
26	55	82	1
27	55	83	1
28	55	84	3
29	55	85	3
30	55	86	2
31	55	87	2
32	55	88	2
33	55	89	2
34	55	90	1
35	55	91	2
36	55	92	2
37	55	93	1
38	55	94	2
39	55	95	2
40	55	96	2
41	55	97	2
42	55	98	2
43	55	99	3
44	55	100	2
45	55	101	2
46	55	102	3
47	55	103	3
48	55	104	3
50	55	106	1
51	55	107	2
52	55	108	2
53	55	109	3
54	55	110	2
55	55	111	1
56	55	112	3
57	55	113	2
58	55	114	3
59	55	115	1
60	55	116	1
62	55	118	3
63	55	119	2
64	55	120	2
65	55	121	1
67	55	123	1
68	55	124	1
69	55	125	2
70	55	126	1
71	55	127	1
72	55	128	2
73	55	129	2
74	55	130	2
75	55	131	3
77	55	133	1
78	55	134	3
79	55	135	2
80	55	136	1
81	55	137	3
82	55	138	3
83	55	139	2
84	55	140	2
85	55	141	2
86	55	142	2
87	55	143	3
88	55	144	3
89	55	145	2
90	55	146	1
91	55	147	1
92	55	148	2
93	55	149	1
94	55	150	3
95	55	151	2
96	55	152	1
97	56	57	3
98	56	58	1
99	56	59	2
100	56	60	2
101	56	61	3
102	56	62	2
103	56	63	3
104	56	64	1
105	56	65	2
106	56	66	1
107	56	67	1
108	56	68	1
109	56	69	2
110	56	70	1
111	56	71	1
112	56	72	2
113	56	73	1
114	56	74	1
115	56	75	3
116	56	76	3
117	56	77	2
118	56	78	2
119	56	79	1
120	56	80	1
121	56	81	1
122	56	82	1
123	56	83	1
124	56	84	3
125	56	85	3
126	56	86	2
127	56	87	2
128	56	88	2
129	56	89	2
130	56	90	1
131	56	91	2
132	56	92	2
133	56	93	1
134	56	94	2
135	56	95	2
136	56	96	2
137	56	97	2
138	56	98	2
139	56	99	3
140	56	100	2
141	56	101	2
142	56	102	3
143	56	103	3
144	56	104	3
146	56	106	1
147	56	107	2
148	56	108	2
149	56	109	3
150	56	110	2
151	56	111	1
152	56	112	3
153	56	113	2
154	56	114	3
155	56	115	1
156	56	116	1
158	56	118	3
159	56	119	2
160	56	120	2
161	56	121	1
163	56	123	1
164	56	124	1
165	56	125	2
166	56	126	1
167	56	127	1
168	56	128	2
169	56	129	2
170	56	130	2
171	56	131	3
173	56	133	1
174	56	134	3
175	56	135	2
176	56	136	1
177	56	137	3
178	56	138	3
179	56	139	2
180	56	140	2
181	56	141	2
182	56	142	2
183	56	143	3
184	56	144	3
185	56	145	2
186	56	146	1
187	56	147	1
188	56	148	2
189	56	149	1
190	56	150	3
191	56	151	2
192	56	152	1
193	57	58	1
194	57	59	3
195	57	60	2
196	57	61	4
197	57	62	2
198	57	63	3
199	57	64	1
200	57	65	2
201	57	66	1
202	57	67	1
203	57	68	1
204	57	69	3
205	57	70	1
206	57	71	1
207	57	72	2
208	57	73	1
209	57	74	1
210	57	75	4
211	57	76	3
212	57	77	2
213	57	78	2
214	57	79	1
215	57	80	2
216	57	81	1
217	57	82	1
218	57	83	1
219	57	84	4
220	57	85	4
221	57	86	2
222	57	87	2
223	57	88	2
224	57	89	2
225	57	90	1
226	57	91	2
227	57	92	2
228	57	93	1
229	57	94	3
230	57	95	2
231	57	96	3
232	57	97	2
233	57	98	3
234	57	99	3
235	57	100	2
236	57	101	2
237	57	102	3
238	57	103	3
239	57	104	3
241	57	106	2
242	57	107	3
243	57	108	3
244	57	109	4
245	57	110	3
246	57	111	2
247	57	112	3
248	57	113	3
249	57	114	4
250	57	115	1
251	57	116	1
253	57	118	3
254	57	119	2
255	57	120	2
256	57	121	1
258	57	123	1
259	57	124	1
260	57	125	2
261	57	126	1
262	57	127	1
263	57	128	3
264	57	129	2
265	57	130	2
266	57	131	3
268	57	133	2
269	57	134	3
270	57	135	3
271	57	136	1
272	57	137	4
273	57	138	3
274	57	139	3
275	57	140	2
276	57	141	2
277	57	142	3
278	57	143	3
279	57	144	3
280	57	145	2
281	57	146	1
282	57	147	1
283	57	148	2
284	57	149	1
285	57	150	3
286	57	151	3
287	57	152	2
288	58	59	1
289	58	60	1
290	58	61	1
291	58	62	1
292	58	63	1
293	58	64	1
294	58	65	1
295	58	66	1
296	58	67	1
297	58	68	2
299	58	70	1
300	58	71	2
301	58	72	2
302	58	73	2
303	58	74	2
304	58	75	1
305	58	76	2
306	58	77	1
308	58	79	2
309	58	80	1
310	58	81	2
311	58	82	2
312	58	83	2
313	58	84	1
314	58	85	1
315	58	86	1
316	58	87	1
317	58	88	1
318	58	89	1
319	58	90	2
320	58	91	1
321	58	92	1
322	58	93	2
323	58	94	1
324	58	95	1
325	58	96	1
326	58	97	1
327	58	98	1
328	58	99	1
329	58	100	2
330	58	101	1
331	58	102	1
332	58	103	1
333	58	104	1
335	58	106	2
336	58	107	1
337	58	108	1
338	58	109	1
339	58	110	1
341	58	112	1
342	58	113	1
343	58	114	1
344	58	115	2
347	58	118	1
348	58	119	2
349	58	120	1
350	58	121	2
352	58	123	1
353	58	124	2
354	58	125	1
355	58	126	2
356	58	127	2
357	58	128	1
358	58	129	1
359	58	130	1
360	58	131	1
362	58	133	1
363	58	134	1
365	58	136	1
366	58	137	1
367	58	138	1
368	58	139	1
370	58	141	1
371	58	142	1
372	58	143	1
373	58	144	2
374	58	145	1
375	58	146	1
376	58	147	2
377	58	148	1
378	58	149	1
379	58	150	1
380	58	151	1
381	58	152	1
382	59	60	1
383	59	61	3
384	59	62	1
385	59	63	2
386	59	64	1
387	59	65	1
388	59	66	1
389	59	67	1
390	59	68	1
391	59	69	2
392	59	70	1
393	59	71	1
394	59	72	1
395	59	73	1
396	59	74	1
397	59	75	3
398	59	76	2
399	59	77	2
400	59	78	1
401	59	79	1
402	59	80	2
403	59	81	1
404	59	82	1
405	59	83	1
406	59	84	3
407	59	85	3
408	59	86	1
409	59	87	1
410	59	88	2
411	59	89	1
412	59	90	1
413	59	91	1
414	59	92	1
415	59	93	1
416	59	94	2
417	59	95	2
418	59	96	3
419	59	97	1
420	59	98	3
421	59	99	2
422	59	100	1
423	59	101	1
424	59	102	2
425	59	103	2
426	59	104	2
428	59	106	2
429	59	107	3
430	59	108	3
431	59	109	3
432	59	110	3
433	59	111	1
434	59	112	2
435	59	113	2
436	59	114	3
437	59	115	1
440	59	118	2
441	59	119	2
442	59	120	1
443	59	121	1
445	59	123	1
446	59	124	1
447	59	125	2
448	59	126	1
449	59	127	1
450	59	128	2
451	59	129	1
452	59	130	1
453	59	131	2
455	59	133	2
456	59	134	2
457	59	135	2
458	59	136	1
459	59	137	3
460	59	138	2
461	59	139	3
462	59	140	1
463	59	141	1
464	59	142	2
465	59	143	2
466	59	144	2
467	59	145	2
468	59	146	1
469	59	147	1
470	59	148	1
471	59	149	1
472	59	150	2
473	59	151	2
474	59	152	2
475	60	61	2
476	60	62	2
477	60	63	2
478	60	64	1
479	60	65	2
480	60	66	1
481	60	67	1
482	60	68	1
483	60	69	1
484	60	70	1
485	60	71	1
486	60	72	2
487	60	73	1
488	60	74	1
489	60	75	2
490	60	76	2
491	60	77	1
492	60	78	1
493	60	79	1
494	60	80	1
495	60	81	1
496	60	82	1
497	60	83	1
498	60	84	2
499	60	85	2
500	60	86	2
501	60	87	2
502	60	88	1
503	60	89	2
504	60	90	1
505	60	91	2
506	60	92	2
507	60	93	1
508	60	94	2
509	60	95	1
510	60	96	1
511	60	97	2
512	60	98	1
513	60	99	2
514	60	100	2
515	60	101	2
516	60	102	2
517	60	103	2
518	60	104	2
520	60	106	1
521	60	107	1
522	60	108	1
523	60	109	2
524	60	110	1
525	60	111	1
526	60	112	2
527	60	113	2
528	60	114	2
529	60	115	1
530	60	116	1
532	60	118	2
533	60	119	1
534	60	120	2
535	60	121	1
537	60	123	1
538	60	124	1
539	60	125	1
540	60	126	1
541	60	127	1
542	60	128	2
543	60	129	2
544	60	130	2
545	60	131	2
547	60	133	1
548	60	134	2
549	60	135	1
550	60	136	1
551	60	137	2
552	60	138	2
553	60	139	1
554	60	140	1
555	60	141	2
556	60	142	2
557	60	143	2
558	60	144	2
559	60	145	1
560	60	146	1
561	60	147	1
562	60	148	2
563	60	149	1
564	60	150	2
565	60	151	2
566	60	152	1
567	61	62	2
568	61	63	3
569	61	64	1
570	61	65	2
571	61	66	1
572	61	67	1
573	61	68	1
574	61	69	3
575	61	70	1
576	61	71	1
577	61	72	2
578	61	73	1
579	61	74	1
580	61	75	4
581	61	76	3
582	61	77	2
583	61	78	2
584	61	79	1
585	61	80	2
586	61	81	1
587	61	82	1
588	61	83	1
589	61	84	4
590	61	85	4
591	61	86	2
592	61	87	2
593	61	88	2
594	61	89	2
595	61	90	1
596	61	91	2
597	61	92	2
598	61	93	1
599	61	94	3
600	61	95	2
601	61	96	3
602	61	97	2
603	61	98	3
604	61	99	3
605	61	100	2
606	61	101	2
607	61	102	3
608	61	103	3
609	61	104	3
611	61	106	2
612	61	107	3
613	61	108	3
614	61	109	4
615	61	110	3
616	61	111	2
617	61	112	3
618	61	113	3
619	61	114	4
620	61	115	1
621	61	116	1
623	61	118	3
624	61	119	2
625	61	120	2
626	61	121	1
628	61	123	1
629	61	124	1
630	61	125	2
631	61	126	1
632	61	127	1
633	61	128	3
634	61	129	2
635	61	130	2
636	61	131	3
638	61	133	2
639	61	134	3
640	61	135	3
641	61	136	1
642	61	137	4
643	61	138	3
644	61	139	3
645	61	140	2
646	61	141	2
647	61	142	3
648	61	143	3
649	61	144	3
650	61	145	2
651	61	146	1
652	61	147	1
653	61	148	2
654	61	149	1
655	61	150	3
656	61	151	3
657	61	152	2
658	62	63	2
659	62	64	1
660	62	65	2
661	62	66	1
662	62	67	1
663	62	68	2
664	62	69	1
665	62	70	1
666	62	71	1
667	62	72	2
668	62	73	2
669	62	74	1
670	62	75	2
671	62	76	2
672	62	77	1
673	62	78	1
674	62	79	1
675	62	80	2
676	62	81	1
677	62	82	1
678	62	83	1
679	62	84	2
680	62	85	2
681	62	86	2
682	62	87	3
683	62	88	1
684	62	89	2
685	62	90	1
686	62	91	2
687	62	92	2
688	62	93	1
689	62	94	2
690	62	95	1
691	62	96	1
692	62	97	2
693	62	98	1
694	62	99	2
695	62	100	2
696	62	101	2
697	62	102	2
698	62	103	2
699	62	104	2
701	62	106	1
702	62	107	1
703	62	108	1
704	62	109	2
705	62	110	1
706	62	111	1
707	62	112	2
708	62	113	3
709	62	114	2
710	62	115	1
711	62	116	1
713	62	118	2
714	62	119	1
715	62	120	2
716	62	121	2
718	62	123	1
719	62	124	1
720	62	125	1
721	62	126	1
722	62	127	1
723	62	128	2
724	62	129	2
725	62	130	2
726	62	131	2
728	62	133	1
729	62	134	2
730	62	135	1
731	62	136	2
732	62	137	2
733	62	138	2
734	62	139	1
735	62	140	1
736	62	141	2
737	62	142	2
738	62	143	2
739	62	144	2
740	62	145	1
741	62	146	1
742	62	147	1
743	62	148	2
744	62	149	1
745	62	150	2
746	62	151	2
747	62	152	1
748	63	64	1
749	63	65	2
750	63	66	1
751	63	67	2
752	63	68	1
753	63	69	2
754	63	70	1
755	63	71	1
756	63	72	2
757	63	73	1
758	63	74	1
759	63	75	3
760	63	76	3
761	63	77	2
762	63	78	2
763	63	79	1
764	63	80	1
765	63	81	1
766	63	82	1
767	63	83	1
768	63	84	3
769	63	85	3
770	63	86	2
771	63	87	2
772	63	88	2
773	63	89	2
774	63	90	1
775	63	91	3
776	63	92	2
777	63	93	1
778	63	94	3
779	63	95	2
780	63	96	2
781	63	97	3
782	63	98	2
783	63	99	3
784	63	100	2
785	63	101	3
786	63	102	3
787	63	103	3
788	63	104	4
790	63	106	1
791	63	107	2
792	63	108	2
793	63	109	4
794	63	110	3
795	63	111	2
796	63	112	4
797	63	113	2
798	63	114	4
799	63	115	1
800	63	116	3
801	63	117	1
802	63	118	3
803	63	119	2
804	63	120	2
805	63	121	1
806	63	122	1
807	63	123	1
808	63	124	1
809	63	125	2
810	63	126	1
811	63	127	1
812	63	128	2
813	63	129	2
814	63	130	2
815	63	131	4
817	63	133	1
818	63	134	3
819	63	135	2
820	63	136	1
821	63	137	4
822	63	138	3
823	63	139	2
824	63	140	3
825	63	141	2
826	63	142	3
827	63	143	3
828	63	144	3
829	63	145	2
830	63	146	1
831	63	147	1
832	63	148	2
833	63	149	2
834	63	150	3
835	63	151	3
836	63	152	1
837	64	65	1
838	64	66	1
839	64	67	1
840	64	68	1
842	64	70	1
843	64	71	1
844	64	72	1
845	64	73	1
846	64	74	1
847	64	75	1
848	64	76	1
849	64	77	1
851	64	79	1
852	64	80	1
853	64	81	1
854	64	82	1
855	64	83	1
856	64	84	1
857	64	85	1
858	64	86	1
859	64	87	1
860	64	88	1
861	64	89	2
862	64	90	1
863	64	91	1
864	64	92	1
865	64	93	1
866	64	94	1
867	64	95	1
868	64	96	1
869	64	97	1
870	64	98	1
871	64	99	1
872	64	100	1
873	64	101	1
874	64	102	1
875	64	103	1
876	64	104	1
878	64	106	1
879	64	107	1
880	64	108	1
881	64	109	1
882	64	110	1
884	64	112	1
885	64	113	1
886	64	114	1
887	64	115	1
890	64	118	1
891	64	119	1
892	64	120	1
893	64	121	1
895	64	123	1
896	64	124	1
897	64	125	1
898	64	126	1
899	64	127	1
900	64	128	1
901	64	129	1
902	64	130	1
903	64	131	1
905	64	133	1
906	64	134	1
907	64	135	1
908	64	136	1
909	64	137	1
910	64	138	1
911	64	139	1
913	64	141	1
914	64	142	1
915	64	143	1
916	64	144	1
917	64	145	1
918	64	146	1
919	64	147	1
920	64	148	1
921	64	149	1
922	64	150	1
923	64	151	1
924	64	152	1
925	65	66	1
926	65	67	1
927	65	68	1
928	65	69	1
929	65	70	1
930	65	71	1
931	65	72	2
932	65	73	1
933	65	74	1
934	65	75	2
935	65	76	2
936	65	77	1
937	65	78	1
938	65	79	1
939	65	80	1
940	65	81	1
941	65	82	1
942	65	83	1
943	65	84	2
944	65	85	2
945	65	86	2
946	65	87	2
947	65	88	1
948	65	89	2
949	65	90	1
950	65	91	2
951	65	92	3
952	65	93	1
953	65	94	2
954	65	95	1
955	65	96	1
956	65	97	2
957	65	98	1
958	65	99	2
959	65	100	2
960	65	101	2
961	65	102	2
962	65	103	2
963	65	104	2
965	65	106	1
966	65	107	1
967	65	108	1
968	65	109	2
969	65	110	1
970	65	111	1
971	65	112	2
972	65	113	2
973	65	114	2
974	65	115	1
975	65	116	1
977	65	118	2
978	65	119	1
979	65	120	2
980	65	121	1
982	65	123	1
983	65	124	1
984	65	125	1
985	65	126	1
986	65	127	1
987	65	128	2
988	65	129	2
989	65	130	2
990	65	131	2
992	65	133	1
993	65	134	2
994	65	135	1
995	65	136	1
996	65	137	2
997	65	138	2
998	65	139	1
999	65	140	1
1000	65	141	2
1001	65	142	2
1002	65	143	2
1003	65	144	2
1004	65	145	1
1005	65	146	1
1006	65	147	1
1007	65	148	2
1008	65	149	1
1009	65	150	2
1010	65	151	2
1011	65	152	1
1012	66	67	1
1013	66	68	1
1015	66	70	1
1016	66	71	1
1017	66	72	1
1018	66	73	1
1019	66	74	1
1020	66	75	1
1021	66	76	1
1022	66	77	1
1024	66	79	1
1025	66	80	1
1026	66	81	1
1027	66	82	1
1028	66	83	1
1029	66	84	1
1030	66	85	1
1031	66	86	1
1032	66	87	1
1033	66	88	1
1034	66	89	1
1035	66	90	1
1036	66	91	1
1037	66	92	1
1038	66	93	1
1039	66	94	1
1040	66	95	1
1041	66	96	1
1042	66	97	1
1043	66	98	1
1044	66	99	1
1045	66	100	1
1046	66	101	1
1047	66	102	1
1048	66	103	1
1049	66	104	1
1051	66	106	1
1052	66	107	1
1053	66	108	1
1054	66	109	1
1055	66	110	1
1057	66	112	1
1058	66	113	1
1059	66	114	1
1060	66	115	1
1063	66	118	1
1064	66	119	1
1065	66	120	1
1066	66	121	1
1068	66	123	1
1069	66	124	1
1070	66	125	1
1071	66	126	1
1072	66	127	1
1073	66	128	1
1074	66	129	1
1075	66	130	1
1076	66	131	1
1078	66	133	1
1079	66	134	1
1081	66	136	1
1082	66	137	1
1083	66	138	1
1084	66	139	1
1086	66	141	1
1087	66	142	1
1088	66	143	1
1089	66	144	1
1090	66	145	1
1091	66	146	1
1092	66	147	1
1093	66	148	1
1094	66	149	1
1095	66	150	1
1096	66	151	1
1097	66	152	1
1098	67	68	1
1100	67	70	1
1101	67	71	1
1102	67	72	1
1103	67	73	1
1104	67	74	1
1105	67	75	1
1106	67	76	1
1107	67	77	1
1109	67	79	1
1110	67	80	1
1111	67	81	1
1112	67	82	1
1113	67	83	1
1114	67	84	1
1115	67	85	1
1116	67	86	1
1117	67	87	1
1118	67	88	1
1119	67	89	1
1120	67	90	1
1121	67	91	2
1122	67	92	1
1123	67	93	1
1124	67	94	1
1125	67	95	1
1126	67	96	1
1127	67	97	2
1128	67	98	1
1129	67	99	1
1130	67	100	1
1131	67	101	2
1132	67	102	1
1133	67	103	1
1134	67	104	2
1136	67	106	1
1137	67	107	1
1138	67	108	1
1139	67	109	2
1140	67	110	2
1142	67	112	2
1143	67	113	1
1144	67	114	1
1145	67	115	1
1146	67	116	1
1147	67	117	1
1148	67	118	1
1149	67	119	1
1150	67	120	1
1151	67	121	1
1152	67	122	1
1153	67	123	1
1154	67	124	1
1155	67	125	1
1156	67	126	1
1157	67	127	1
1158	67	128	1
1159	67	129	1
1160	67	130	1
1161	67	131	1
1163	67	133	1
1164	67	134	1
1166	67	136	1
1167	67	137	2
1168	67	138	1
1169	67	139	1
1170	67	140	1
1171	67	141	1
1172	67	142	2
1173	67	143	1
1174	67	144	1
1175	67	145	1
1176	67	146	1
1177	67	147	1
1178	67	148	1
1179	67	149	2
1180	67	150	1
1181	67	151	1
1182	67	152	1
1184	68	70	1
1185	68	71	2
1186	68	72	2
1187	68	73	3
1188	68	74	2
1189	68	75	1
1190	68	76	2
1191	68	77	1
1193	68	79	2
1194	68	80	2
1195	68	81	2
1196	68	82	2
1197	68	83	2
1198	68	84	1
1199	68	85	1
1200	68	86	1
1201	68	87	2
1202	68	88	1
1203	68	89	1
1204	68	90	2
1205	68	91	1
1206	68	92	1
1207	68	93	2
1208	68	94	1
1209	68	95	1
1210	68	96	1
1211	68	97	1
1212	68	98	1
1213	68	99	1
1214	68	100	2
1215	68	101	1
1216	68	102	1
1217	68	103	1
1218	68	104	1
1220	68	106	2
1221	68	107	1
1222	68	108	1
1223	68	109	1
1224	68	110	1
1226	68	112	1
1227	68	113	2
1228	68	114	1
1229	68	115	2
1232	68	118	1
1233	68	119	2
1234	68	120	1
1235	68	121	3
1237	68	123	1
1238	68	124	2
1239	68	125	1
1240	68	126	2
1241	68	127	2
1242	68	128	1
1243	68	129	1
1244	68	130	1
1245	68	131	1
1247	68	133	1
1248	68	134	1
1250	68	136	2
1251	68	137	1
1252	68	138	1
1253	68	139	1
1255	68	141	1
1256	68	142	1
1257	68	143	1
1258	68	144	2
1259	68	145	1
1260	68	146	1
1261	68	147	2
1262	68	148	1
1263	68	149	1
1264	68	150	1
1265	68	151	1
1266	68	152	1
1269	69	72	1
1272	69	75	3
1273	69	76	2
1274	69	77	1
1275	69	78	2
1277	69	80	1
1281	69	84	3
1282	69	85	3
1283	69	86	1
1284	69	87	1
1285	69	88	1
1286	69	89	1
1288	69	91	1
1289	69	92	1
1291	69	94	2
1292	69	95	1
1293	69	96	2
1294	69	97	1
1295	69	98	2
1296	69	99	2
1297	69	100	1
1298	69	101	1
1299	69	102	2
1300	69	103	2
1301	69	104	2
1303	69	106	1
1304	69	107	2
1305	69	108	2
1306	69	109	3
1307	69	110	2
1308	69	111	2
1309	69	112	2
1310	69	113	2
1311	69	114	3
1313	69	116	1
1315	69	118	2
1316	69	119	1
1317	69	120	1
1322	69	125	1
1325	69	128	2
1326	69	129	1
1327	69	130	1
1328	69	131	2
1330	69	133	1
1331	69	134	2
1332	69	135	3
1334	69	137	3
1335	69	138	2
1336	69	139	2
1337	69	140	2
1338	69	141	1
1339	69	142	2
1340	69	143	2
1341	69	144	2
1342	69	145	1
1345	69	148	1
1347	69	150	2
1348	69	151	2
1349	69	152	1
1350	70	71	1
1351	70	72	1
1352	70	73	1
1353	70	74	1
1354	70	75	1
1355	70	76	1
1356	70	77	1
1358	70	79	1
1359	70	80	1
1360	70	81	1
1361	70	82	1
1362	70	83	1
1363	70	84	1
1364	70	85	1
1365	70	86	1
1366	70	87	1
1367	70	88	1
1368	70	89	1
1369	70	90	1
1370	70	91	1
1371	70	92	1
1372	70	93	1
1373	70	94	1
1374	70	95	1
1375	70	96	1
1376	70	97	1
1377	70	98	1
1378	70	99	1
1379	70	100	1
1380	70	101	1
1381	70	102	1
1382	70	103	1
1383	70	104	1
1385	70	106	1
1386	70	107	1
1387	70	108	1
1388	70	109	1
1389	70	110	1
1391	70	112	1
1392	70	113	1
1393	70	114	1
1394	70	115	1
1397	70	118	1
1398	70	119	1
1399	70	120	1
1400	70	121	1
1402	70	123	2
1403	70	124	1
1404	70	125	1
1405	70	126	1
1406	70	127	1
1407	70	128	1
1408	70	129	2
1409	70	130	1
1410	70	131	1
1412	70	133	1
1413	70	134	1
1415	70	136	2
1416	70	137	1
1417	70	138	1
1418	70	139	1
1420	70	141	1
1421	70	142	1
1422	70	143	2
1423	70	144	1
1424	70	145	1
1425	70	146	1
1426	70	147	1
1427	70	148	2
1428	70	149	1
1429	70	150	1
1430	70	151	1
1431	70	152	1
1432	71	72	2
1433	71	73	2
1434	71	74	2
1435	71	75	1
1436	71	76	2
1437	71	77	1
1439	71	79	2
1440	71	80	1
1441	71	81	2
1442	71	82	2
1443	71	83	2
1444	71	84	1
1445	71	85	1
1446	71	86	1
1447	71	87	1
1448	71	88	1
1449	71	89	1
1450	71	90	2
1451	71	91	1
1452	71	92	1
1453	71	93	2
1454	71	94	1
1455	71	95	1
1456	71	96	1
1457	71	97	1
1458	71	98	1
1459	71	99	1
1460	71	100	2
1461	71	101	1
1462	71	102	1
1463	71	103	1
1464	71	104	1
1466	71	106	2
1467	71	107	1
1468	71	108	1
1469	71	109	1
1470	71	110	1
1472	71	112	1
1473	71	113	1
1474	71	114	1
1475	71	115	2
1478	71	118	1
1479	71	119	2
1480	71	120	1
1481	71	121	2
1483	71	123	1
1484	71	124	2
1485	71	125	1
1486	71	126	2
1487	71	127	2
1488	71	128	1
1489	71	129	1
1490	71	130	1
1491	71	131	1
1493	71	133	1
1494	71	134	1
1496	71	136	1
1497	71	137	1
1498	71	138	1
1499	71	139	1
1501	71	141	1
1502	71	142	1
1503	71	143	1
1504	71	144	2
1505	71	145	1
1506	71	146	1
1507	71	147	2
1508	71	148	1
1509	71	149	1
1510	71	150	1
1511	71	151	1
1512	71	152	1
1513	72	73	2
1514	72	74	2
1515	72	75	2
1516	72	76	3
1517	72	77	1
1518	72	78	1
1519	72	79	2
1520	72	80	1
1521	72	81	2
1522	72	82	2
1523	72	83	2
1524	72	84	2
1525	72	85	2
1526	72	86	2
1527	72	87	2
1528	72	88	1
1529	72	89	2
1530	72	90	2
1531	72	91	2
1532	72	92	2
1533	72	93	2
1534	72	94	2
1535	72	95	1
1536	72	96	1
1537	72	97	2
1538	72	98	1
1539	72	99	2
1540	72	100	3
1541	72	101	2
1542	72	102	2
1543	72	103	2
1544	72	104	2
1546	72	106	2
1547	72	107	1
1548	72	108	1
1549	72	109	2
1550	72	110	1
1551	72	111	1
1552	72	112	2
1553	72	113	2
1554	72	114	2
1555	72	115	2
1556	72	116	1
1558	72	118	2
1559	72	119	2
1560	72	120	2
1561	72	121	2
1563	72	123	1
1564	72	124	2
1565	72	125	1
1566	72	126	2
1567	72	127	2
1568	72	128	2
1569	72	129	2
1570	72	130	2
1571	72	131	2
1573	72	133	1
1574	72	134	2
1575	72	135	1
1576	72	136	1
1577	72	137	2
1578	72	138	2
1579	72	139	1
1580	72	140	1
1581	72	141	2
1582	72	142	2
1583	72	143	2
1584	72	144	3
1585	72	145	1
1586	72	146	1
1587	72	147	2
1588	72	148	2
1589	72	149	1
1590	72	150	2
1591	72	151	2
1592	72	152	1
1593	73	74	2
1594	73	75	1
1595	73	76	2
1596	73	77	1
1598	73	79	2
1599	73	80	2
1600	73	81	2
1601	73	82	2
1602	73	83	2
1603	73	84	1
1604	73	85	1
1605	73	86	1
1606	73	87	2
1607	73	88	1
1608	73	89	1
1609	73	90	2
1610	73	91	1
1611	73	92	1
1612	73	93	2
1613	73	94	1
1614	73	95	1
1615	73	96	1
1616	73	97	1
1617	73	98	1
1618	73	99	1
1619	73	100	2
1620	73	101	1
1621	73	102	1
1622	73	103	1
1623	73	104	1
1625	73	106	2
1626	73	107	1
1627	73	108	1
1628	73	109	1
1629	73	110	1
1631	73	112	1
1632	73	113	2
1633	73	114	1
1634	73	115	2
1637	73	118	1
1638	73	119	2
1639	73	120	1
1640	73	121	3
1642	73	123	1
1643	73	124	2
1644	73	125	1
1645	73	126	2
1646	73	127	2
1647	73	128	1
1648	73	129	1
1649	73	130	1
1650	73	131	1
1652	73	133	1
1653	73	134	1
1655	73	136	2
1656	73	137	1
1657	73	138	1
1658	73	139	1
1660	73	141	1
1661	73	142	1
1662	73	143	1
1663	73	144	2
1664	73	145	1
1665	73	146	1
1666	73	147	2
1667	73	148	1
1668	73	149	1
1669	73	150	1
1670	73	151	1
1671	73	152	1
1672	74	75	1
1673	74	76	2
1674	74	77	1
1676	74	79	2
1677	74	80	1
1678	74	81	2
1679	74	82	2
1680	74	83	2
1681	74	84	1
1682	74	85	1
1683	74	86	1
1684	74	87	1
1685	74	88	1
1686	74	89	1
1687	74	90	2
1688	74	91	1
1689	74	92	1
1690	74	93	2
1691	74	94	1
1692	74	95	1
1693	74	96	1
1694	74	97	1
1695	74	98	1
1696	74	99	1
1697	74	100	2
1698	74	101	1
1699	74	102	1
1700	74	103	1
1701	74	104	1
1703	74	106	2
1704	74	107	1
1705	74	108	1
1706	74	109	1
1707	74	110	1
1709	74	112	1
1710	74	113	1
1711	74	114	1
1712	74	115	2
1715	74	118	1
1716	74	119	2
1717	74	120	1
1718	74	121	2
1720	74	123	1
1721	74	124	2
1722	74	125	1
1723	74	126	2
1724	74	127	2
1725	74	128	1
1726	74	129	1
1727	74	130	1
1728	74	131	1
1730	74	133	1
1731	74	134	1
1733	74	136	1
1734	74	137	1
1735	74	138	1
1736	74	139	1
1738	74	141	1
1739	74	142	1
1740	74	143	1
1741	74	144	2
1742	74	145	1
1743	74	146	1
1744	74	147	2
1745	74	148	1
1746	74	149	1
1747	74	150	1
1748	74	151	1
1749	74	152	1
1750	75	76	3
1751	75	77	2
1752	75	78	2
1753	75	79	1
1754	75	80	2
1755	75	81	1
1756	75	82	1
1757	75	83	1
1758	75	84	4
1759	75	85	4
1760	75	86	2
1761	75	87	2
1762	75	88	2
1763	75	89	2
1764	75	90	1
1765	75	91	2
1766	75	92	2
1767	75	93	1
1768	75	94	3
1769	75	95	2
1770	75	96	3
1771	75	97	2
1772	75	98	3
1773	75	99	3
1774	75	100	2
1775	75	101	2
1776	75	102	3
1777	75	103	3
1778	75	104	3
1780	75	106	2
1781	75	107	3
1782	75	108	3
1783	75	109	4
1784	75	110	3
1785	75	111	2
1786	75	112	3
1787	75	113	3
1788	75	114	4
1789	75	115	1
1790	75	116	1
1792	75	118	3
1793	75	119	2
1794	75	120	2
1795	75	121	1
1797	75	123	1
1798	75	124	1
1799	75	125	2
1800	75	126	1
1801	75	127	1
1802	75	128	3
1803	75	129	2
1804	75	130	2
1805	75	131	3
1807	75	133	2
1808	75	134	3
1809	75	135	3
1810	75	136	1
1811	75	137	4
1812	75	138	3
1813	75	139	3
1814	75	140	2
1815	75	141	2
1816	75	142	3
1817	75	143	3
1818	75	144	3
1819	75	145	2
1820	75	146	1
1821	75	147	1
1822	75	148	2
1823	75	149	1
1824	75	150	3
1825	75	151	3
1826	75	152	2
1827	76	77	2
1828	76	78	2
1829	76	79	2
1830	76	80	1
1831	76	81	2
1832	76	82	2
1833	76	83	2
1834	76	84	3
1835	76	85	3
1836	76	86	2
1837	76	87	2
1838	76	88	2
1839	76	89	2
1840	76	90	2
1841	76	91	2
1842	76	92	2
1843	76	93	2
1844	76	94	2
1845	76	95	2
1846	76	96	2
1847	76	97	2
1848	76	98	2
1849	76	99	3
1850	76	100	3
1851	76	101	2
1852	76	102	3
1853	76	103	3
1854	76	104	3
1856	76	106	2
1857	76	107	2
1858	76	108	2
1859	76	109	3
1860	76	110	2
1861	76	111	1
1862	76	112	3
1863	76	113	2
1864	76	114	3
1865	76	115	2
1866	76	116	1
1868	76	118	3
1869	76	119	3
1870	76	120	2
1871	76	121	2
1873	76	123	1
1874	76	124	2
1875	76	125	2
1876	76	126	2
1877	76	127	2
1878	76	128	2
1879	76	129	2
1880	76	130	2
1881	76	131	3
1883	76	133	1
1884	76	134	3
1885	76	135	2
1886	76	136	1
1887	76	137	3
1888	76	138	3
1889	76	139	2
1890	76	140	2
1891	76	141	2
1892	76	142	2
1893	76	143	3
1894	76	144	4
1895	76	145	2
1896	76	146	1
1897	76	147	2
1898	76	148	2
1899	76	149	1
1900	76	150	3
1901	76	151	2
1902	76	152	1
1903	77	78	1
1904	77	79	1
1905	77	80	1
1906	77	81	1
1907	77	82	1
1908	77	83	1
1909	77	84	2
1910	77	85	2
1911	77	86	1
1912	77	87	1
1913	77	88	2
1914	77	89	1
1915	77	90	1
1916	77	91	1
1917	77	92	1
1918	77	93	1
1919	77	94	1
1920	77	95	2
1921	77	96	2
1922	77	97	1
1923	77	98	2
1924	77	99	2
1925	77	100	1
1926	77	101	1
1927	77	102	2
1928	77	103	2
1929	77	104	2
1931	77	106	1
1932	77	107	2
1933	77	108	2
1934	77	109	2
1935	77	110	2
1937	77	112	2
1938	77	113	1
1939	77	114	2
1940	77	115	1
1943	77	118	2
1944	77	119	2
1945	77	120	1
1946	77	121	1
1948	77	123	1
1949	77	124	1
1950	77	125	2
1951	77	126	1
1952	77	127	1
1953	77	128	1
1954	77	129	1
1955	77	130	1
1956	77	131	2
1958	77	133	1
1959	77	134	2
1960	77	135	1
1961	77	136	1
1962	77	137	2
1963	77	138	2
1964	77	139	2
1965	77	140	1
1966	77	141	1
1967	77	142	1
1968	77	143	2
1969	77	144	2
1970	77	145	2
1971	77	146	1
1972	77	147	1
1973	77	148	1
1974	77	149	1
1975	77	150	2
1976	77	151	1
1977	77	152	1
1983	78	84	2
1984	78	85	2
1985	78	86	1
1986	78	87	1
1987	78	88	1
1988	78	89	1
1990	78	91	1
1991	78	92	1
1993	78	94	1
1994	78	95	1
1995	78	96	1
1996	78	97	1
1997	78	98	1
1998	78	99	2
1999	78	100	1
2000	78	101	1
2001	78	102	2
2002	78	103	2
2003	78	104	2
2006	78	107	1
2007	78	108	1
2008	78	109	2
2009	78	110	1
2010	78	111	1
2011	78	112	2
2012	78	113	1
2013	78	114	2
2015	78	116	1
2017	78	118	2
2018	78	119	1
2019	78	120	1
2024	78	125	1
2027	78	128	1
2028	78	129	1
2029	78	130	1
2030	78	131	2
2033	78	134	2
2034	78	135	2
2036	78	137	2
2037	78	138	2
2038	78	139	1
2039	78	140	2
2040	78	141	1
2041	78	142	1
2042	78	143	2
2043	78	144	3
2044	78	145	1
2047	78	148	1
2049	78	150	2
2050	78	151	1
2052	79	80	1
2053	79	81	2
2054	79	82	2
2055	79	83	2
2056	79	84	1
2057	79	85	1
2058	79	86	1
2059	79	87	1
2060	79	88	1
2061	79	89	1
2062	79	90	2
2063	79	91	1
2064	79	92	1
2065	79	93	2
2066	79	94	1
2067	79	95	1
2068	79	96	1
2069	79	97	1
2070	79	98	1
2071	79	99	1
2072	79	100	2
2073	79	101	1
2074	79	102	1
2075	79	103	1
2076	79	104	1
2078	79	106	2
2079	79	107	1
2080	79	108	1
2081	79	109	1
2082	79	110	1
2084	79	112	1
2085	79	113	1
2086	79	114	1
2087	79	115	2
2090	79	118	1
2091	79	119	2
2092	79	120	1
2093	79	121	2
2095	79	123	1
2096	79	124	2
2097	79	125	1
2098	79	126	2
2099	79	127	2
2100	79	128	1
2101	79	129	1
2102	79	130	1
2103	79	131	1
2105	79	133	1
2106	79	134	1
2108	79	136	1
2109	79	137	1
2110	79	138	1
2111	79	139	1
2113	79	141	1
2114	79	142	1
2115	79	143	1
2116	79	144	2
2117	79	145	1
2118	79	146	1
2119	79	147	2
2120	79	148	1
2121	79	149	1
2122	79	150	1
2123	79	151	1
2124	79	152	1
2125	80	81	1
2126	80	82	1
2127	80	83	1
2128	80	84	2
2129	80	85	2
2130	80	86	1
2131	80	87	2
2132	80	88	1
2133	80	89	1
2134	80	90	1
2135	80	91	1
2136	80	92	1
2137	80	93	1
2138	80	94	2
2139	80	95	1
2140	80	96	2
2141	80	97	1
2142	80	98	2
2143	80	99	1
2144	80	100	1
2145	80	101	1
2146	80	102	1
2147	80	103	1
2148	80	104	1
2150	80	106	2
2151	80	107	2
2152	80	108	2
2153	80	109	2
2154	80	110	2
2155	80	111	1
2156	80	112	1
2157	80	113	3
2158	80	114	2
2159	80	115	1
2162	80	118	1
2163	80	119	1
2164	80	120	1
2165	80	121	2
2167	80	123	1
2168	80	124	1
2169	80	125	1
2170	80	126	1
2171	80	127	1
2172	80	128	2
2173	80	129	1
2174	80	130	1
2175	80	131	1
2177	80	133	2
2178	80	134	1
2179	80	135	1
2180	80	136	2
2181	80	137	2
2182	80	138	1
2183	80	139	2
2185	80	141	1
2186	80	142	2
2187	80	143	1
2188	80	144	1
2189	80	145	1
2190	80	146	1
2191	80	147	1
2192	80	148	1
2193	80	149	1
2194	80	150	1
2195	80	151	2
2196	80	152	2
2197	81	82	2
2198	81	83	2
2199	81	84	1
2200	81	85	1
2201	81	86	1
2202	81	87	1
2203	81	88	1
2204	81	89	1
2205	81	90	2
2206	81	91	1
2207	81	92	1
2208	81	93	2
2209	81	94	1
2210	81	95	1
2211	81	96	1
2212	81	97	1
2213	81	98	1
2214	81	99	1
2215	81	100	2
2216	81	101	1
2217	81	102	1
2218	81	103	1
2219	81	104	1
2221	81	106	2
2222	81	107	1
2223	81	108	1
2224	81	109	1
2225	81	110	1
2227	81	112	1
2228	81	113	1
2229	81	114	1
2230	81	115	2
2233	81	118	1
2234	81	119	2
2235	81	120	1
2236	81	121	2
2238	81	123	1
2239	81	124	2
2240	81	125	1
2241	81	126	2
2242	81	127	2
2243	81	128	1
2244	81	129	1
2245	81	130	1
2246	81	131	1
2247	81	132	1
2248	81	133	1
2249	81	134	1
2251	81	136	1
2252	81	137	1
2253	81	138	1
2254	81	139	1
2256	81	141	1
2257	81	142	1
2258	81	143	1
2259	81	144	2
2260	81	145	1
2261	81	146	1
2262	81	147	2
2263	81	148	1
2264	81	149	1
2265	81	150	1
2266	81	151	1
2267	81	152	1
2268	82	83	2
2269	82	84	1
2270	82	85	1
2271	82	86	1
2272	82	87	1
2273	82	88	1
2274	82	89	1
2275	82	90	2
2276	82	91	1
2277	82	92	1
2278	82	93	2
2279	82	94	1
2280	82	95	1
2281	82	96	1
2282	82	97	1
2283	82	98	1
2284	82	99	1
2285	82	100	2
2286	82	101	1
2287	82	102	1
2288	82	103	1
2289	82	104	1
2291	82	106	2
2292	82	107	1
2293	82	108	1
2294	82	109	1
2295	82	110	1
2297	82	112	1
2298	82	113	1
2299	82	114	1
2300	82	115	2
2303	82	118	1
2304	82	119	2
2305	82	120	1
2306	82	121	2
2308	82	123	1
2309	82	124	2
2310	82	125	1
2311	82	126	2
2312	82	127	2
2313	82	128	1
2314	82	129	1
2315	82	130	1
2316	82	131	1
2318	82	133	1
2319	82	134	1
2321	82	136	1
2322	82	137	1
2323	82	138	1
2324	82	139	1
2326	82	141	1
2327	82	142	1
2328	82	143	1
2329	82	144	2
2330	82	145	1
2331	82	146	1
2332	82	147	2
2333	82	148	1
2334	82	149	1
2335	82	150	1
2336	82	151	1
2337	82	152	1
2338	83	84	1
2339	83	85	1
2340	83	86	1
2341	83	87	1
2342	83	88	1
2343	83	89	1
2344	83	90	2
2345	83	91	1
2346	83	92	1
2347	83	93	2
2348	83	94	1
2349	83	95	1
2350	83	96	1
2351	83	97	1
2352	83	98	1
2353	83	99	1
2354	83	100	2
2355	83	101	1
2356	83	102	1
2357	83	103	1
2358	83	104	1
2359	83	105	1
2360	83	106	2
2361	83	107	1
2362	83	108	1
2363	83	109	1
2364	83	110	1
2366	83	112	1
2367	83	113	1
2368	83	114	1
2369	83	115	2
2372	83	118	1
2373	83	119	2
2374	83	120	1
2375	83	121	2
2377	83	123	1
2378	83	124	2
2379	83	125	1
2380	83	126	2
2381	83	127	2
2382	83	128	1
2383	83	129	1
2384	83	130	1
2385	83	131	1
2387	83	133	1
2388	83	134	1
2390	83	136	1
2391	83	137	1
2392	83	138	1
2393	83	139	1
2395	83	141	1
2396	83	142	1
2397	83	143	1
2398	83	144	2
2399	83	145	1
2400	83	146	1
2401	83	147	2
2402	83	148	1
2403	83	149	1
2404	83	150	1
2405	83	151	1
2406	83	152	1
2407	84	85	4
2408	84	86	2
2409	84	87	2
2410	84	88	2
2411	84	89	2
2412	84	90	1
2413	84	91	2
2414	84	92	2
2415	84	93	1
2416	84	94	3
2417	84	95	2
2418	84	96	3
2419	84	97	2
2420	84	98	3
2421	84	99	3
2422	84	100	2
2423	84	101	2
2424	84	102	3
2425	84	103	3
2426	84	104	3
2428	84	106	2
2429	84	107	3
2430	84	108	3
2431	84	109	4
2432	84	110	3
2433	84	111	2
2434	84	112	3
2435	84	113	3
2436	84	114	4
2437	84	115	1
2438	84	116	1
2440	84	118	3
2441	84	119	2
2442	84	120	2
2443	84	121	1
2445	84	123	1
2446	84	124	1
2447	84	125	2
2448	84	126	1
2449	84	127	1
2450	84	128	3
2451	84	129	2
2452	84	130	2
2453	84	131	3
2455	84	133	2
2456	84	134	3
2457	84	135	3
2458	84	136	1
2459	84	137	4
2460	84	138	3
2461	84	139	3
2462	84	140	2
2463	84	141	2
2464	84	142	3
2465	84	143	3
2466	84	144	3
2467	84	145	2
2468	84	146	1
2469	84	147	1
2470	84	148	2
2471	84	149	1
2472	84	150	3
2473	84	151	3
2474	84	152	2
2475	85	86	2
2476	85	87	2
2477	85	88	2
2478	85	89	2
2479	85	90	1
2480	85	91	2
2481	85	92	2
2482	85	93	1
2483	85	94	3
2484	85	95	2
2485	85	96	3
2486	85	97	2
2487	85	98	3
2488	85	99	3
2489	85	100	2
2490	85	101	2
2491	85	102	3
2492	85	103	3
2493	85	104	3
2495	85	106	2
2496	85	107	3
2497	85	108	3
2498	85	109	4
2499	85	110	3
2500	85	111	2
2501	85	112	3
2502	85	113	3
2503	85	114	4
2504	85	115	1
2505	85	116	1
2507	85	118	3
2508	85	119	2
2509	85	120	2
2510	85	121	1
2512	85	123	1
2513	85	124	1
2514	85	125	2
2515	85	126	1
2516	85	127	1
2517	85	128	3
2518	85	129	2
2519	85	130	2
2520	85	131	3
2522	85	133	2
2523	85	134	3
2524	85	135	3
2525	85	136	1
2526	85	137	4
2527	85	138	3
2528	85	139	3
2529	85	140	2
2530	85	141	2
2531	85	142	3
2532	85	143	3
2533	85	144	3
2534	85	145	2
2535	85	146	1
2536	85	147	1
2537	85	148	2
2538	85	149	1
2539	85	150	3
2540	85	151	3
2541	85	152	2
2542	86	87	2
2543	86	88	1
2544	86	89	2
2545	86	90	1
2546	86	91	2
2547	86	92	2
2548	86	93	1
2549	86	94	2
2550	86	95	1
2551	86	96	1
2552	86	97	2
2553	86	98	1
2554	86	99	2
2555	86	100	2
2556	86	101	2
2557	86	102	2
2558	86	103	2
2559	86	104	2
2561	86	106	1
2562	86	107	1
2563	86	108	1
2564	86	109	2
2565	86	110	1
2566	86	111	1
2567	86	112	2
2568	86	113	2
2569	86	114	2
2570	86	115	1
2571	86	116	1
2573	86	118	2
2574	86	119	1
2575	86	120	2
2576	86	121	1
2578	86	123	1
2579	86	124	1
2580	86	125	1
2581	86	126	1
2582	86	127	1
2583	86	128	2
2584	86	129	2
2585	86	130	2
2586	86	131	2
2588	86	133	1
2589	86	134	2
2590	86	135	1
2591	86	136	1
2592	86	137	2
2593	86	138	2
2594	86	139	1
2595	86	140	1
2596	86	141	2
2597	86	142	2
2598	86	143	2
2599	86	144	2
2600	86	145	1
2601	86	146	1
2602	86	147	1
2603	86	148	2
2604	86	149	1
2605	86	150	2
2606	86	151	2
2607	86	152	1
2608	87	88	1
2609	87	89	2
2610	87	90	1
2611	87	91	2
2612	87	92	2
2613	87	93	1
2614	87	94	2
2615	87	95	1
2616	87	96	1
2617	87	97	2
2618	87	98	1
2619	87	99	2
2620	87	100	2
2621	87	101	2
2622	87	102	2
2623	87	103	2
2624	87	104	2
2626	87	106	1
2627	87	107	1
2628	87	108	1
2629	87	109	2
2630	87	110	1
2631	87	111	1
2632	87	112	2
2633	87	113	3
2634	87	114	2
2635	87	115	1
2636	87	116	1
2638	87	118	2
2639	87	119	1
2640	87	120	2
2641	87	121	2
2643	87	123	1
2644	87	124	1
2645	87	125	1
2646	87	126	1
2647	87	127	1
2648	87	128	2
2649	87	129	2
2650	87	130	2
2651	87	131	2
2653	87	133	1
2654	87	134	2
2655	87	135	1
2656	87	136	2
2657	87	137	2
2658	87	138	2
2659	87	139	1
2660	87	140	1
2661	87	141	2
2662	87	142	2
2663	87	143	2
2664	87	144	2
2665	87	145	1
2666	87	146	1
2667	87	147	1
2668	87	148	2
2669	87	149	1
2670	87	150	2
2671	87	151	2
2672	87	152	1
2673	88	89	1
2674	88	90	1
2675	88	91	1
2676	88	92	1
2677	88	93	1
2678	88	94	1
2679	88	95	2
2680	88	96	2
2681	88	97	1
2682	88	98	2
2683	88	99	2
2684	88	100	1
2685	88	101	1
2686	88	102	2
2687	88	103	2
2688	88	104	2
2690	88	106	1
2691	88	107	2
2692	88	108	2
2693	88	109	2
2694	88	110	2
2696	88	112	2
2697	88	113	1
2698	88	114	2
2699	88	115	1
2702	88	118	2
2703	88	119	2
2704	88	120	1
2705	88	121	1
2707	88	123	1
2708	88	124	1
2709	88	125	2
2710	88	126	1
2711	88	127	1
2712	88	128	1
2713	88	129	1
2714	88	130	1
2715	88	131	2
2717	88	133	1
2718	88	134	2
2719	88	135	1
2720	88	136	1
2721	88	137	2
2722	88	138	2
2723	88	139	2
2724	88	140	1
2725	88	141	1
2726	88	142	1
2727	88	143	2
2728	88	144	2
2729	88	145	2
2730	88	146	1
2731	88	147	1
2732	88	148	1
2733	88	149	1
2734	88	150	2
2735	88	151	1
2736	88	152	1
2737	89	90	1
2738	89	91	2
2739	89	92	2
2740	89	93	1
2741	89	94	2
2742	89	95	1
2743	89	96	1
2744	89	97	2
2745	89	98	1
2746	89	99	2
2747	89	100	2
2748	89	101	2
2749	89	102	2
2750	89	103	2
2751	89	104	2
2753	89	106	1
2754	89	107	1
2755	89	108	1
2756	89	109	2
2757	89	110	1
2758	89	111	1
2759	89	112	2
2760	89	113	2
2761	89	114	2
2762	89	115	1
2763	89	116	1
2765	89	118	2
2766	89	119	1
2767	89	120	2
2768	89	121	1
2770	89	123	1
2771	89	124	1
2772	89	125	1
2773	89	126	1
2774	89	127	1
2775	89	128	2
2776	89	129	2
2777	89	130	2
2778	89	131	2
2780	89	133	1
2781	89	134	2
2782	89	135	2
2783	89	136	1
2784	89	137	2
2785	89	138	2
2786	89	139	1
2787	89	140	1
2788	89	141	2
2789	89	142	2
2790	89	143	2
2791	89	144	2
2792	89	145	1
2793	89	146	1
2794	89	147	1
2795	89	148	2
2796	89	149	1
2797	89	150	2
2798	89	151	2
2799	89	152	1
2800	90	91	1
2801	90	92	1
2802	90	93	2
2803	90	94	1
2804	90	95	1
2805	90	96	1
2806	90	97	1
2807	90	98	1
2808	90	99	1
2809	90	100	2
2810	90	101	1
2811	90	102	1
2812	90	103	1
2813	90	104	1
2815	90	106	2
2816	90	107	1
2817	90	108	1
2818	90	109	1
2819	90	110	1
2821	90	112	1
2822	90	113	1
2823	90	114	1
2824	90	115	2
2827	90	118	1
2828	90	119	2
2829	90	120	1
2830	90	121	2
2832	90	123	1
2833	90	124	2
2834	90	125	1
2835	90	126	2
2836	90	127	2
2837	90	128	1
2838	90	129	1
2839	90	130	1
2840	90	131	1
2842	90	133	1
2843	90	134	1
2845	90	136	1
2846	90	137	1
2847	90	138	1
2848	90	139	1
2850	90	141	1
2851	90	142	1
2852	90	143	1
2853	90	144	2
2854	90	145	1
2855	90	146	1
2856	90	147	2
2857	90	148	1
2858	90	149	1
2859	90	150	1
2860	90	151	1
2861	90	152	1
2862	91	92	2
2863	91	93	1
2864	91	94	2
2865	91	95	1
2866	91	96	1
2867	91	97	3
2868	91	98	1
2869	91	99	2
2870	91	100	2
2871	91	101	3
2872	91	102	2
2873	91	103	2
2874	91	104	3
2876	91	106	1
2877	91	107	1
2878	91	108	1
2879	91	109	3
2880	91	110	2
2881	91	111	1
2882	91	112	3
2883	91	113	2
2884	91	114	2
2885	91	115	1
2886	91	116	2
2887	91	117	1
2888	91	118	2
2889	91	119	1
2890	91	120	2
2891	91	121	1
2892	91	122	1
2893	91	123	1
2894	91	124	1
2895	91	125	1
2896	91	126	1
2897	91	127	1
2898	91	128	2
2899	91	129	2
2900	91	130	2
2901	91	131	2
2903	91	133	1
2904	91	134	2
2905	91	135	1
2906	91	136	1
2907	91	137	3
2908	91	138	2
2909	91	139	1
2910	91	140	2
2911	91	141	2
2912	91	142	3
2913	91	143	2
2914	91	144	2
2915	91	145	1
2916	91	146	1
2917	91	147	1
2918	91	148	2
2919	91	149	2
2920	91	150	2
2921	91	151	2
2922	91	152	1
2923	92	93	1
2924	92	94	2
2925	92	95	1
2926	92	96	1
2927	92	97	2
2928	92	98	1
2929	92	99	2
2930	92	100	2
2931	92	101	2
2932	92	102	2
2933	92	103	2
2934	92	104	2
2936	92	106	1
2937	92	107	1
2938	92	108	1
2939	92	109	2
2940	92	110	1
2941	92	111	1
2942	92	112	2
2943	92	113	2
2944	92	114	2
2945	92	115	1
2946	92	116	1
2948	92	118	2
2949	92	119	1
2950	92	120	2
2951	92	121	1
2953	92	123	1
2954	92	124	1
2955	92	125	1
2956	92	126	1
2957	92	127	1
2958	92	128	2
2959	92	129	2
2960	92	130	2
2961	92	131	2
2963	92	133	1
2964	92	134	2
2965	92	135	1
2966	92	136	1
2967	92	137	2
2968	92	138	2
2969	92	139	1
2970	92	140	1
2971	92	141	2
2972	92	142	2
2973	92	143	2
2974	92	144	2
2975	92	145	1
2976	92	146	1
2977	92	147	1
2978	92	148	2
2979	92	149	1
2980	92	150	2
2981	92	151	2
2982	92	152	1
2983	93	94	1
2984	93	95	1
2985	93	96	1
2986	93	97	1
2987	93	98	1
2988	93	99	1
2989	93	100	2
2990	93	101	1
2991	93	102	1
2992	93	103	1
2993	93	104	1
2995	93	106	2
2996	93	107	1
2997	93	108	1
2998	93	109	1
2999	93	110	1
3001	93	112	1
3002	93	113	1
3003	93	114	1
3004	93	115	2
3007	93	118	1
3008	93	119	2
3009	93	120	1
3010	93	121	2
3012	93	123	1
3013	93	124	2
3014	93	125	1
3015	93	126	2
3016	93	127	2
3017	93	128	1
3018	93	129	1
3019	93	130	1
3020	93	131	1
3022	93	133	1
3023	93	134	1
3025	93	136	1
3026	93	137	1
3027	93	138	1
3028	93	139	1
3030	93	141	1
3031	93	142	1
3032	93	143	1
3033	93	144	2
3034	93	145	1
3035	93	146	1
3036	93	147	2
3037	93	148	1
3038	93	149	1
3039	93	150	1
3040	93	151	1
3041	93	152	1
3042	94	95	1
3043	94	96	2
3044	94	97	2
3045	94	98	2
3046	94	99	2
3047	94	100	2
3048	94	101	2
3049	94	102	2
3050	94	103	2
3051	94	104	2
3053	94	106	2
3054	94	107	2
3055	94	108	2
3056	94	109	3
3057	94	110	2
3058	94	111	3
3059	94	112	2
3060	94	113	3
3061	94	114	4
3062	94	115	1
3063	94	116	2
3065	94	118	2
3066	94	119	1
3067	94	120	2
3068	94	121	1
3070	94	123	1
3071	94	124	1
3072	94	125	1
3073	94	126	1
3074	94	127	1
3075	94	128	3
3076	94	129	2
3077	94	130	2
3078	94	131	3
3080	94	133	2
3081	94	134	2
3082	94	135	2
3083	94	136	1
3084	94	137	3
3085	94	138	2
3086	94	139	2
3087	94	140	1
3088	94	141	2
3089	94	142	3
3090	94	143	2
3091	94	144	2
3092	94	145	1
3093	94	146	1
3094	94	147	1
3095	94	148	2
3096	94	149	1
3097	94	150	2
3098	94	151	4
3099	94	152	2
3100	95	96	2
3101	95	97	1
3102	95	98	2
3103	95	99	2
3104	95	100	1
3105	95	101	1
3106	95	102	2
3107	95	103	2
3108	95	104	2
3110	95	106	1
3111	95	107	2
3112	95	108	2
3113	95	109	2
3114	95	110	2
3116	95	112	2
3117	95	113	1
3118	95	114	2
3119	95	115	1
3122	95	118	2
3123	95	119	2
3124	95	120	1
3125	95	121	1
3127	95	123	1
3128	95	124	1
3129	95	125	2
3130	95	126	1
3131	95	127	1
3132	95	128	1
3133	95	129	1
3134	95	130	1
3135	95	131	2
3137	95	133	1
3138	95	134	2
3139	95	135	1
3140	95	136	1
3141	95	137	2
3142	95	138	2
3143	95	139	2
3144	95	140	1
3145	95	141	1
3146	95	142	1
3147	95	143	2
3148	95	144	2
3149	95	145	2
3150	95	146	1
3151	95	147	1
3152	95	148	1
3153	95	149	1
3154	95	150	2
3155	95	151	1
3156	95	152	1
3157	96	97	1
3158	96	98	3
3159	96	99	2
3160	96	100	1
3161	96	101	1
3162	96	102	2
3163	96	103	2
3164	96	104	2
3166	96	106	2
3167	96	107	3
3168	96	108	3
3169	96	109	3
3170	96	110	3
3171	96	111	1
3172	96	112	2
3173	96	113	2
3174	96	114	3
3175	96	115	1
3178	96	118	2
3179	96	119	2
3180	96	120	1
3181	96	121	1
3183	96	123	1
3184	96	124	1
3185	96	125	2
3186	96	126	1
3187	96	127	1
3188	96	128	2
3189	96	129	1
3190	96	130	1
3191	96	131	2
3193	96	133	2
3194	96	134	2
3195	96	135	2
3196	96	136	1
3197	96	137	3
3198	96	138	2
3199	96	139	3
3200	96	140	1
3201	96	141	1
3202	96	142	2
3203	96	143	2
3204	96	144	2
3205	96	145	2
3206	96	146	1
3207	96	147	1
3208	96	148	1
3209	96	149	1
3210	96	150	2
3211	96	151	2
3212	96	152	2
3213	97	98	1
3214	97	99	2
3215	97	100	2
3216	97	101	3
3217	97	102	2
3218	97	103	2
3219	97	104	3
3221	97	106	1
3222	97	107	1
3223	97	108	1
3224	97	109	3
3225	97	110	2
3226	97	111	1
3227	97	112	3
3228	97	113	2
3229	97	114	2
3230	97	115	1
3231	97	116	2
3232	97	117	1
3233	97	118	2
3234	97	119	1
3235	97	120	2
3236	97	121	1
3237	97	122	1
3238	97	123	1
3239	97	124	1
3240	97	125	1
3241	97	126	1
3242	97	127	1
3243	97	128	2
3244	97	129	2
3245	97	130	2
3246	97	131	2
3248	97	133	1
3249	97	134	2
3250	97	135	1
3251	97	136	1
3252	97	137	3
3253	97	138	2
3254	97	139	1
3255	97	140	2
3256	97	141	2
3257	97	142	3
3258	97	143	2
3259	97	144	2
3260	97	145	1
3261	97	146	1
3262	97	147	1
3263	97	148	2
3264	97	149	2
3265	97	150	2
3266	97	151	2
3267	97	152	1
3268	98	99	2
3269	98	100	1
3270	98	101	1
3271	98	102	2
3272	98	103	2
3273	98	104	2
3275	98	106	2
3276	98	107	3
3277	98	108	3
3278	98	109	3
3279	98	110	3
3280	98	111	1
3281	98	112	2
3282	98	113	2
3283	98	114	3
3284	98	115	1
3287	98	118	2
3288	98	119	2
3289	98	120	1
3290	98	121	1
3292	98	123	1
3293	98	124	1
3294	98	125	2
3295	98	126	1
3296	98	127	1
3297	98	128	2
3298	98	129	1
3299	98	130	1
3300	98	131	2
3302	98	133	2
3303	98	134	2
3304	98	135	2
3305	98	136	1
3306	98	137	3
3307	98	138	2
3308	98	139	3
3309	98	140	1
3310	98	141	1
3311	98	142	2
3312	98	143	2
3313	98	144	2
3314	98	145	2
3315	98	146	1
3316	98	147	1
3317	98	148	1
3318	98	149	1
3319	98	150	2
3320	98	151	2
3321	98	152	2
3322	99	100	2
3323	99	101	2
3324	99	102	3
3325	99	103	3
3326	99	104	3
3328	99	106	1
3329	99	107	2
3330	99	108	2
3331	99	109	3
3332	99	110	2
3333	99	111	1
3334	99	112	3
3335	99	113	2
3336	99	114	3
3337	99	115	1
3338	99	116	1
3340	99	118	3
3341	99	119	2
3342	99	120	2
3343	99	121	1
3345	99	123	1
3346	99	124	1
3347	99	125	2
3348	99	126	1
3349	99	127	1
3350	99	128	2
3351	99	129	2
3352	99	130	2
3353	99	131	3
3355	99	133	1
3356	99	134	3
3357	99	135	2
3358	99	136	1
3359	99	137	3
3360	99	138	3
3361	99	139	2
3362	99	140	2
3363	99	141	2
3364	99	142	2
3365	99	143	3
3366	99	144	3
3367	99	145	2
3368	99	146	1
3369	99	147	1
3370	99	148	2
3371	99	149	1
3372	99	150	3
3373	99	151	2
3374	99	152	1
3375	100	101	2
3376	100	102	2
3377	100	103	2
3378	100	104	2
3380	100	106	2
3381	100	107	1
3382	100	108	1
3383	100	109	2
3384	100	110	1
3385	100	111	1
3386	100	112	2
3387	100	113	2
3388	100	114	2
3389	100	115	2
3390	100	116	1
3392	100	118	2
3393	100	119	2
3394	100	120	2
3395	100	121	2
3397	100	123	1
3398	100	124	2
3399	100	125	1
3400	100	126	2
3401	100	127	2
3402	100	128	2
3403	100	129	2
3404	100	130	2
3405	100	131	2
3407	100	133	1
3408	100	134	2
3409	100	135	1
3410	100	136	1
3411	100	137	2
3412	100	138	2
3413	100	139	1
3414	100	140	1
3415	100	141	2
3416	100	142	2
3417	100	143	2
3418	100	144	3
3419	100	145	1
3420	100	146	1
3421	100	147	2
3422	100	148	2
3423	100	149	1
3424	100	150	2
3425	100	151	2
3426	100	152	1
3427	101	102	2
3428	101	103	2
3429	101	104	3
3431	101	106	1
3432	101	107	1
3433	101	108	1
3434	101	109	3
3435	101	110	2
3436	101	111	1
3437	101	112	3
3438	101	113	2
3439	101	114	2
3440	101	115	1
3441	101	116	2
3442	101	117	1
3443	101	118	2
3444	101	119	1
3445	101	120	2
3446	101	121	1
3447	101	122	1
3448	101	123	1
3449	101	124	1
3450	101	125	1
3451	101	126	1
3452	101	127	1
3453	101	128	2
3454	101	129	2
3455	101	130	2
3456	101	131	2
3458	101	133	1
3459	101	134	2
3460	101	135	1
3461	101	136	1
3462	101	137	3
3463	101	138	2
3464	101	139	1
3465	101	140	2
3466	101	141	2
3467	101	142	3
3468	101	143	2
3469	101	144	2
3470	101	145	1
3471	101	146	1
3472	101	147	1
3473	101	148	2
3474	101	149	2
3475	101	150	2
3476	101	151	2
3477	101	152	1
3478	102	103	3
3479	102	104	3
3481	102	106	1
3482	102	107	2
3483	102	108	2
3484	102	109	3
3485	102	110	2
3486	102	111	1
3487	102	112	3
3488	102	113	2
3489	102	114	3
3490	102	115	1
3491	102	116	1
3493	102	118	3
3494	102	119	2
3495	102	120	2
3496	102	121	1
3498	102	123	1
3499	102	124	1
3500	102	125	2
3501	102	126	1
3502	102	127	1
3503	102	128	2
3504	102	129	2
3505	102	130	2
3506	102	131	3
3508	102	133	1
3509	102	134	3
3510	102	135	2
3511	102	136	1
3512	102	137	3
3513	102	138	3
3514	102	139	2
3515	102	140	2
3516	102	141	2
3517	102	142	2
3518	102	143	3
3519	102	144	3
3520	102	145	2
3521	102	146	1
3522	102	147	1
3523	102	148	2
3524	102	149	1
3525	102	150	3
3526	102	151	2
3527	102	152	1
3528	103	104	3
3530	103	106	1
3531	103	107	2
3532	103	108	2
3533	103	109	3
3534	103	110	2
3535	103	111	2
3536	103	112	3
3537	103	113	2
3538	103	114	3
3539	103	115	1
3540	103	116	1
3542	103	118	3
3543	103	119	2
3544	103	120	2
3545	103	121	1
3547	103	123	1
3548	103	124	1
3549	103	125	2
3550	103	126	1
3551	103	127	1
3552	103	128	2
3553	103	129	2
3554	103	130	2
3555	103	131	4
3557	103	133	1
3558	103	134	3
3559	103	135	2
3560	103	136	1
3561	103	137	3
3562	103	138	3
3563	103	139	2
3564	103	140	2
3565	103	141	2
3566	103	142	2
3567	103	143	3
3568	103	144	3
3569	103	145	2
3570	103	146	1
3571	103	147	1
3572	103	148	2
3573	103	149	1
3574	103	150	3
3575	103	151	2
3576	103	152	1
3578	104	106	1
3579	104	107	2
3580	104	108	2
3581	104	109	4
3582	104	110	3
3583	104	111	1
3584	104	112	4
3585	104	113	2
3586	104	114	3
3587	104	115	1
3588	104	116	2
3589	104	117	1
3590	104	118	3
3591	104	119	2
3592	104	120	2
3593	104	121	1
3594	104	122	1
3595	104	123	1
3596	104	124	1
3597	104	125	2
3598	104	126	1
3599	104	127	1
3600	104	128	2
3601	104	129	2
3602	104	130	2
3603	104	131	3
3605	104	133	1
3606	104	134	3
3607	104	135	2
3608	104	136	1
3609	104	137	4
3610	104	138	3
3611	104	139	2
3612	104	140	3
3613	104	141	2
3614	104	142	3
3615	104	143	3
3616	104	144	3
3617	104	145	2
3618	104	146	1
3619	104	147	1
3620	104	148	2
3621	104	149	2
3622	104	150	3
3623	104	151	2
3624	104	152	1
3672	106	107	2
3673	106	108	2
3674	106	109	2
3675	106	110	2
3676	106	111	1
3677	106	112	1
3678	106	113	2
3679	106	114	2
3680	106	115	2
3683	106	118	1
3684	106	119	2
3685	106	120	1
3686	106	121	2
3688	106	123	1
3689	106	124	2
3690	106	125	1
3691	106	126	2
3692	106	127	2
3693	106	128	2
3694	106	129	1
3695	106	130	1
3696	106	131	1
3698	106	133	2
3699	106	134	1
3700	106	135	1
3701	106	136	1
3702	106	137	2
3703	106	138	1
3704	106	139	2
3706	106	141	1
3707	106	142	2
3708	106	143	1
3709	106	144	2
3710	106	145	1
3711	106	146	1
3712	106	147	2
3713	106	148	1
3714	106	149	1
3715	106	150	1
3716	106	151	2
3717	106	152	2
3718	107	108	3
3719	107	109	3
3720	107	110	3
3721	107	111	1
3722	107	112	2
3723	107	113	2
3724	107	114	3
3725	107	115	1
3728	107	118	2
3729	107	119	2
3730	107	120	1
3731	107	121	1
3733	107	123	1
3734	107	124	1
3735	107	125	2
3736	107	126	1
3737	107	127	1
3738	107	128	2
3739	107	129	1
3740	107	130	1
3741	107	131	2
3743	107	133	2
3744	107	134	2
3745	107	135	2
3746	107	136	1
3747	107	137	3
3748	107	138	2
3749	107	139	3
3750	107	140	1
3751	107	141	1
3752	107	142	2
3753	107	143	2
3754	107	144	2
3755	107	145	2
3756	107	146	1
3757	107	147	1
3758	107	148	1
3759	107	149	1
3760	107	150	2
3761	107	151	2
3762	107	152	2
3763	108	109	3
3764	108	110	3
3765	108	111	1
3766	108	112	2
3767	108	113	2
3768	108	114	3
3769	108	115	1
3772	108	118	2
3773	108	119	2
3774	108	120	1
3775	108	121	1
3777	108	123	1
3778	108	124	1
3779	108	125	2
3780	108	126	1
3781	108	127	1
3782	108	128	2
3783	108	129	1
3784	108	130	1
3785	108	131	2
3787	108	133	2
3788	108	134	2
3789	108	135	2
3790	108	136	1
3791	108	137	3
3792	108	138	2
3793	108	139	3
3794	108	140	1
3795	108	141	1
3796	108	142	2
3797	108	143	2
3798	108	144	2
3799	108	145	2
3800	108	146	1
3801	108	147	1
3802	108	148	1
3803	108	149	1
3804	108	150	2
3805	108	151	2
3806	108	152	2
3807	109	110	4
3808	109	111	2
3809	109	112	4
3810	109	113	3
3811	109	114	4
3812	109	115	1
3813	109	116	2
3814	109	117	1
3815	109	118	3
3816	109	119	2
3817	109	120	2
3818	109	121	1
3819	109	122	1
3820	109	123	1
3821	109	124	1
3822	109	125	2
3823	109	126	1
3824	109	127	1
3825	109	128	3
3826	109	129	2
3827	109	130	2
3828	109	131	3
3830	109	133	2
3831	109	134	3
3832	109	135	3
3833	109	136	1
3834	109	137	5
3835	109	138	3
3836	109	139	3
3837	109	140	3
3838	109	141	2
3839	109	142	4
3840	109	143	3
3841	109	144	3
3842	109	145	2
3843	109	146	1
3844	109	147	1
3845	109	148	2
3846	109	149	2
3847	109	150	3
3848	109	151	3
3849	109	152	2
3850	110	111	1
3851	110	112	3
3852	110	113	2
3853	110	114	3
3854	110	115	1
3855	110	116	1
3856	110	117	1
3857	110	118	2
3858	110	119	2
3859	110	120	1
3860	110	121	1
3861	110	122	1
3862	110	123	1
3863	110	124	1
3864	110	125	2
3865	110	126	1
3866	110	127	1
3867	110	128	2
3868	110	129	1
3869	110	130	1
3870	110	131	2
3872	110	133	2
3873	110	134	2
3874	110	135	2
3875	110	136	1
3876	110	137	4
3877	110	138	2
3878	110	139	3
3879	110	140	2
3880	110	141	1
3881	110	142	3
3882	110	143	2
3883	110	144	2
3884	110	145	2
3885	110	146	1
3886	110	147	1
3887	110	148	1
3888	110	149	2
3889	110	150	2
3890	110	151	2
3891	110	152	2
3892	111	112	1
3893	111	113	2
3894	111	114	3
3896	111	116	2
3898	111	118	1
3900	111	120	1
3908	111	128	2
3909	111	129	1
3910	111	130	1
3911	111	131	3
3913	111	133	1
3914	111	134	1
3915	111	135	2
3917	111	137	2
3918	111	138	1
3919	111	139	1
3920	111	140	1
3921	111	141	1
3922	111	142	2
3923	111	143	1
3924	111	144	1
3928	111	148	1
3930	111	150	1
3931	111	151	3
3932	111	152	1
3933	112	113	2
3934	112	114	3
3935	112	115	1
3936	112	116	2
3937	112	117	1
3938	112	118	3
3939	112	119	2
3940	112	120	2
3941	112	121	1
3942	112	122	1
3943	112	123	1
3944	112	124	1
3945	112	125	2
3946	112	126	1
3947	112	127	1
3948	112	128	2
3949	112	129	2
3950	112	130	2
3951	112	131	3
3953	112	133	1
3954	112	134	3
3955	112	135	2
3956	112	136	1
3957	112	137	4
3958	112	138	3
3959	112	139	2
3960	112	140	3
3961	112	141	2
3962	112	142	3
3963	112	143	3
3964	112	144	3
3965	112	145	2
3966	112	146	1
3967	112	147	1
3968	112	148	2
3969	112	149	2
3970	112	150	3
3971	112	151	2
3972	112	152	2
3973	113	114	3
3974	113	115	1
3975	113	116	1
3977	113	118	2
3978	113	119	1
3979	113	120	2
3980	113	121	2
3982	113	123	1
3983	113	124	1
3984	113	125	1
3985	113	126	1
3986	113	127	1
3987	113	128	3
3988	113	129	2
3989	113	130	2
3990	113	131	2
3992	113	133	2
3993	113	134	2
3994	113	135	2
3995	113	136	2
3996	113	137	3
3997	113	138	2
3998	113	139	2
3999	113	140	1
4000	113	141	2
4001	113	142	3
4002	113	143	2
4003	113	144	2
4004	113	145	1
4005	113	146	1
4006	113	147	1
4007	113	148	2
4008	113	149	1
4009	113	150	2
4010	113	151	3
4011	113	152	2
4012	114	115	1
4013	114	116	2
4015	114	118	3
4016	114	119	2
4017	114	120	2
4018	114	121	1
4020	114	123	1
4021	114	124	1
4022	114	125	2
4023	114	126	1
4024	114	127	1
4025	114	128	3
4026	114	129	2
4027	114	130	2
4028	114	131	4
4030	114	133	2
4031	114	134	3
4032	114	135	3
4033	114	136	1
4034	114	137	4
4035	114	138	3
4036	114	139	3
4037	114	140	2
4038	114	141	2
4039	114	142	3
4040	114	143	3
4041	114	144	3
4042	114	145	2
4043	114	146	1
4044	114	147	1
4045	114	148	2
4046	114	149	1
4047	114	150	3
4048	114	151	4
4049	114	152	2
4052	115	118	1
4053	115	119	2
4054	115	120	1
4055	115	121	2
4057	115	123	1
4058	115	124	2
4059	115	125	1
4060	115	126	2
4061	115	127	2
4062	115	128	1
4063	115	129	1
4064	115	130	1
4065	115	131	1
4067	115	133	1
4068	115	134	1
4070	115	136	1
4071	115	137	1
4072	115	138	1
4073	115	139	1
4075	115	141	1
4076	115	142	1
4077	115	143	1
4078	115	144	2
4079	115	145	1
4080	115	146	1
4081	115	147	2
4082	115	148	1
4083	115	149	1
4084	115	150	1
4085	115	151	1
4086	115	152	1
4087	116	117	1
4088	116	118	1
4090	116	120	1
4092	116	122	1
4098	116	128	1
4099	116	129	1
4100	116	130	1
4101	116	131	2
4104	116	134	1
4105	116	135	1
4107	116	137	2
4108	116	138	1
4110	116	140	2
4111	116	141	1
4112	116	142	2
4113	116	143	1
4114	116	144	1
4118	116	148	1
4119	116	149	1
4120	116	150	1
4121	116	151	2
4127	117	122	1
4142	117	137	1
4145	117	140	1
4147	117	142	1
4154	117	149	1
4158	118	119	2
4159	118	120	2
4160	118	121	1
4162	118	123	1
4163	118	124	1
4164	118	125	2
4165	118	126	1
4166	118	127	1
4167	118	128	2
4168	118	129	2
4169	118	130	2
4170	118	131	3
4172	118	133	1
4173	118	134	3
4174	118	135	2
4175	118	136	1
4176	118	137	3
4177	118	138	3
4178	118	139	2
4179	118	140	2
4180	118	141	2
4181	118	142	2
4182	118	143	3
4183	118	144	3
4184	118	145	2
4185	118	146	1
4186	118	147	1
4187	118	148	2
4188	118	149	1
4189	118	150	3
4190	118	151	2
4191	118	152	1
4192	119	120	1
4193	119	121	2
4195	119	123	1
4196	119	124	2
4197	119	125	2
4198	119	126	2
4199	119	127	2
4200	119	128	1
4201	119	129	1
4202	119	130	1
4203	119	131	2
4205	119	133	1
4206	119	134	2
4207	119	135	1
4208	119	136	1
4209	119	137	2
4210	119	138	2
4211	119	139	2
4212	119	140	1
4213	119	141	1
4214	119	142	1
4215	119	143	2
4216	119	144	3
4217	119	145	2
4218	119	146	1
4219	119	147	2
4220	119	148	1
4221	119	149	1
4222	119	150	2
4223	119	151	1
4224	119	152	1
4225	120	121	1
4227	120	123	1
4228	120	124	1
4229	120	125	1
4230	120	126	1
4231	120	127	1
4232	120	128	2
4233	120	129	2
4234	120	130	2
4235	120	131	2
4237	120	133	1
4238	120	134	2
4239	120	135	1
4240	120	136	1
4241	120	137	2
4242	120	138	2
4243	120	139	1
4244	120	140	1
4245	120	141	2
4246	120	142	2
4247	120	143	2
4248	120	144	2
4249	120	145	1
4250	120	146	1
4251	120	147	1
4252	120	148	2
4253	120	149	1
4254	120	150	2
4255	120	151	2
4256	120	152	1
4258	121	123	1
4259	121	124	2
4260	121	125	1
4261	121	126	2
4262	121	127	2
4263	121	128	1
4264	121	129	1
4265	121	130	1
4266	121	131	1
4268	121	133	1
4269	121	134	1
4271	121	136	2
4272	121	137	1
4273	121	138	1
4274	121	139	1
4276	121	141	1
4277	121	142	1
4278	121	143	1
4279	121	144	2
4280	121	145	1
4281	121	146	1
4282	121	147	2
4283	121	148	1
4284	121	149	1
4285	121	150	1
4286	121	151	1
4287	121	152	1
4302	122	137	1
4305	122	140	1
4307	122	142	1
4314	122	149	1
4318	123	124	1
4319	123	125	1
4320	123	126	1
4321	123	127	1
4322	123	128	1
4323	123	129	2
4324	123	130	1
4325	123	131	1
4327	123	133	1
4328	123	134	1
4330	123	136	2
4331	123	137	1
4332	123	138	1
4333	123	139	1
4335	123	141	1
4336	123	142	1
4337	123	143	2
4338	123	144	1
4339	123	145	1
4340	123	146	1
4341	123	147	1
4342	123	148	2
4343	123	149	1
4344	123	150	1
4345	123	151	1
4346	123	152	1
4347	124	125	1
4348	124	126	2
4349	124	127	2
4350	124	128	1
4351	124	129	1
4352	124	130	1
4353	124	131	1
4355	124	133	1
4356	124	134	1
4358	124	136	1
4359	124	137	1
4360	124	138	1
4361	124	139	1
4363	124	141	1
4364	124	142	1
4365	124	143	1
4366	124	144	2
4367	124	145	1
4368	124	146	1
4369	124	147	2
4370	124	148	1
4371	124	149	1
4372	124	150	1
4373	124	151	1
4374	124	152	1
4375	125	126	1
4376	125	127	1
4377	125	128	1
4378	125	129	1
4379	125	130	1
4380	125	131	2
4382	125	133	1
4383	125	134	2
4384	125	135	1
4385	125	136	1
4386	125	137	2
4387	125	138	2
4388	125	139	2
4389	125	140	1
4390	125	141	1
4391	125	142	1
4392	125	143	2
4393	125	144	2
4394	125	145	2
4395	125	146	1
4396	125	147	1
4397	125	148	1
4398	125	149	1
4399	125	150	2
4400	125	151	1
4401	125	152	1
4402	126	127	2
4403	126	128	1
4404	126	129	1
4405	126	130	1
4406	126	131	1
4408	126	133	1
4409	126	134	1
4411	126	136	1
4412	126	137	1
4413	126	138	1
4414	126	139	1
4416	126	141	1
4417	126	142	1
4418	126	143	1
4419	126	144	2
4420	126	145	1
4421	126	146	1
4422	126	147	2
4423	126	148	1
4424	126	149	1
4425	126	150	1
4426	126	151	1
4427	126	152	1
4428	127	128	1
4429	127	129	1
4430	127	130	1
4431	127	131	1
4433	127	133	1
4434	127	134	1
4436	127	136	1
4437	127	137	1
4438	127	138	1
4439	127	139	1
4441	127	141	1
4442	127	142	1
4443	127	143	1
4444	127	144	2
4445	127	145	1
4446	127	146	1
4447	127	147	2
4448	127	148	1
4449	127	149	1
4450	127	150	1
4451	127	151	1
4452	127	152	1
4453	128	129	2
4454	128	130	2
4455	128	131	2
4457	128	133	2
4458	128	134	2
4459	128	135	2
4460	128	136	1
4461	128	137	3
4462	128	138	2
4463	128	139	2
4464	128	140	1
4465	128	141	2
4466	128	142	3
4467	128	143	2
4468	128	144	2
4469	128	145	1
4470	128	146	1
4471	128	147	1
4472	128	148	2
4473	128	149	1
4474	128	150	2
4475	128	151	3
4476	128	152	2
4477	129	130	2
4478	129	131	2
4480	129	133	1
4481	129	134	2
4482	129	135	1
4483	129	136	2
4484	129	137	2
4485	129	138	2
4486	129	139	1
4487	129	140	1
4488	129	141	2
4489	129	142	2
4490	129	143	3
4491	129	144	2
4492	129	145	1
4493	129	146	1
4494	129	147	1
4495	129	148	3
4496	129	149	1
4497	129	150	2
4498	129	151	2
4499	129	152	1
4500	130	131	2
4502	130	133	1
4503	130	134	2
4504	130	135	1
4505	130	136	1
4506	130	137	2
4507	130	138	2
4508	130	139	1
4509	130	140	1
4510	130	141	2
4511	130	142	2
4512	130	143	2
4513	130	144	2
4514	130	145	1
4515	130	146	1
4516	130	147	1
4517	130	148	2
4518	130	149	1
4519	130	150	2
4520	130	151	2
4521	130	152	1
4523	131	133	1
4524	131	134	3
4525	131	135	2
4526	131	136	1
4527	131	137	3
4528	131	138	3
4529	131	139	2
4530	131	140	2
4531	131	141	2
4532	131	142	2
4533	131	143	3
4534	131	144	3
4535	131	145	2
4536	131	146	1
4537	131	147	1
4538	131	148	2
4539	131	149	1
4540	131	150	3
4541	131	151	3
4542	131	152	1
4563	133	134	1
4564	133	135	1
4565	133	136	1
4566	133	137	2
4567	133	138	1
4568	133	139	2
4570	133	141	1
4571	133	142	2
4572	133	143	1
4573	133	144	1
4574	133	145	1
4575	133	146	1
4576	133	147	1
4577	133	148	1
4578	133	149	1
4579	133	150	1
4580	133	151	2
4581	133	152	2
4582	134	135	2
4583	134	136	1
4584	134	137	3
4585	134	138	3
4586	134	139	2
4587	134	140	2
4588	134	141	2
4589	134	142	2
4590	134	143	3
4591	134	144	3
4592	134	145	2
4593	134	146	1
4594	134	147	1
4595	134	148	2
4596	134	149	1
4597	134	150	3
4598	134	151	2
4599	134	152	1
4601	135	137	3
4602	135	138	2
4603	135	139	2
4604	135	140	2
4605	135	141	1
4606	135	142	2
4607	135	143	2
4608	135	144	2
4609	135	145	1
4612	135	148	1
4614	135	150	2
4615	135	151	2
4616	135	152	1
4617	136	137	1
4618	136	138	1
4619	136	139	1
4621	136	141	1
4622	136	142	1
4623	136	143	2
4624	136	144	1
4625	136	145	1
4626	136	146	1
4627	136	147	1
4628	136	148	2
4629	136	149	1
4630	136	150	1
4631	136	151	1
4632	136	152	1
4633	137	138	3
4634	137	139	3
4635	137	140	3
4636	137	141	2
4637	137	142	4
4638	137	143	3
4639	137	144	3
4640	137	145	2
4641	137	146	1
4642	137	147	1
4643	137	148	2
4644	137	149	2
4645	137	150	3
4646	137	151	3
4647	137	152	2
4648	138	139	2
4649	138	140	2
4650	138	141	2
4651	138	142	2
4652	138	143	3
4653	138	144	3
4654	138	145	2
4655	138	146	1
4656	138	147	1
4657	138	148	2
4658	138	149	1
4659	138	150	3
4660	138	151	2
4661	138	152	1
4662	139	140	1
4663	139	141	1
4664	139	142	2
4665	139	143	2
4666	139	144	2
4667	139	145	2
4668	139	146	1
4669	139	147	1
4670	139	148	1
4671	139	149	1
4672	139	150	2
4673	139	151	2
4674	139	152	2
4675	140	141	1
4676	140	142	2
4677	140	143	2
4678	140	144	2
4679	140	145	1
4682	140	148	1
4683	140	149	1
4684	140	150	2
4685	140	151	1
4687	141	142	2
4688	141	143	2
4689	141	144	2
4690	141	145	1
4691	141	146	1
4692	141	147	1
4693	141	148	2
4694	141	149	1
4695	141	150	2
4696	141	151	2
4697	141	152	1
4698	142	143	2
4699	142	144	2
4700	142	145	1
4701	142	146	1
4702	142	147	1
4703	142	148	2
4704	142	149	2
4705	142	150	2
4706	142	151	3
4707	142	152	2
4708	143	144	3
4709	143	145	2
4710	143	146	1
4711	143	147	1
4712	143	148	3
4713	143	149	1
4714	143	150	3
4715	143	151	2
4716	143	152	1
4717	144	145	2
4718	144	146	1
4719	144	147	2
4720	144	148	2
4721	144	149	1
4722	144	150	3
4723	144	151	2
4724	144	152	1
4725	145	146	1
4726	145	147	1
4727	145	148	1
4728	145	149	1
4729	145	150	2
4730	145	151	1
4731	145	152	1
4732	146	147	1
4733	146	148	1
4734	146	149	1
4735	146	150	1
4736	146	151	1
4737	146	152	1
4738	147	148	1
4739	147	149	1
4740	147	150	1
4741	147	151	1
4742	147	152	1
4743	148	149	1
4744	148	150	2
4745	148	151	2
4746	148	152	1
4747	149	150	1
4748	149	151	1
4749	149	152	1
4750	150	151	2
4751	150	152	1
4752	151	152	2
