	person1	person2	num_shared
0	0	1	2
2	0	3	1
4	0	5	3
5	0	6	1
7	0	8	1
9	0	10	1
11	0	12	1
16	0	17	2
17	0	18	2
19	0	20	1
20	0	21	1
21	0	22	1
22	0	23	2
26	0	27	1
27	0	28	3
28	0	29	1
29	0	30	2
30	0	31	2
33	0	34	2
34	0	35	2
36	0	37	1
37	0	38	1
39	0	40	1
40	0	41	1
42	0	43	1
44	0	45	1
48	0	49	1
49	0	50	1
50	0	51	1
51	0	52	2
52	0	53	1
53	0	54	1
56	1	4	1
57	1	5	2
58	1	6	2
59	1	7	2
63	1	11	2
65	1	13	1
67	1	15	1
68	1	16	3
69	1	17	2
72	1	20	1
73	1	21	1
74	1	22	1
75	1	23	2
76	1	24	2
77	1	25	4
78	1	26	1
79	1	27	3
80	1	28	1
81	1	29	3
82	1	30	2
83	1	31	2
84	1	32	2
85	1	33	1
87	1	35	1
88	1	36	1
90	1	38	1
91	1	39	1
92	1	40	1
93	1	41	1
94	1	42	1
98	1	46	2
99	1	47	2
101	1	49	2
102	1	50	3
103	1	51	2
104	1	52	3
105	1	53	1
107	2	3	1
109	2	5	1
110	2	6	1
111	2	7	2
112	2	8	2
113	2	9	1
116	2	12	1
118	2	14	1
119	2	15	1
121	2	17	2
122	2	18	2
123	2	19	2
125	2	21	1
126	2	22	1
127	2	23	2
130	2	26	1
132	2	28	1
133	2	29	1
135	2	31	2
137	2	33	1
139	2	35	1
143	2	39	1
144	2	40	1
149	2	45	2
153	2	49	1
157	2	53	1
158	2	54	1
159	3	4	1
161	3	6	2
162	3	7	3
163	3	8	1
169	3	14	1
170	3	15	1
172	3	17	1
177	3	22	1
178	3	23	1
179	3	24	2
181	3	26	2
182	3	27	1
183	3	28	2
186	3	31	1
187	3	32	1
190	3	35	1
191	3	36	1
195	3	40	1
197	3	42	1
199	3	44	1
200	3	45	1
201	3	46	1
203	3	48	1
204	3	49	1
206	3	51	1
208	3	53	1
209	3	54	1
210	4	5	2
212	4	7	2
217	4	12	1
220	4	15	2
221	4	16	3
222	4	17	1
224	4	19	1
226	4	21	1
227	4	22	1
229	4	24	2
230	4	25	1
231	4	26	1
235	4	30	1
240	4	35	2
241	4	36	2
244	4	39	1
249	4	44	1
251	4	46	1
255	4	50	1
259	4	54	1
261	5	7	1
263	5	9	2
266	5	12	1
269	5	15	3
271	5	17	1
272	5	18	2
274	5	20	1
275	5	21	1
276	5	22	1
277	5	23	1
278	5	24	2
282	5	28	2
283	5	29	1
285	5	31	1
288	5	34	1
289	5	35	4
290	5	36	2
292	5	38	1
293	5	39	2
294	5	40	1
295	5	41	1
296	5	42	1
297	5	43	2
300	5	46	2
301	5	47	1
303	5	49	1
304	5	50	2
306	5	52	2
307	5	53	2
308	5	54	3
309	6	7	2
313	6	11	2
316	6	14	1
317	6	15	1
318	6	16	1
319	6	17	2
322	6	20	1
324	6	22	2
325	6	23	3
326	6	24	2
327	6	25	2
328	6	26	1
329	6	27	1
331	6	29	2
332	6	30	2
333	6	31	2
334	6	32	1
335	6	33	1
337	6	35	1
338	6	36	1
339	6	37	1
341	6	39	1
342	6	40	2
345	6	43	3
346	6	44	1
347	6	45	2
348	6	46	1
349	6	47	2
350	6	48	2
352	6	50	2
353	6	51	1
354	6	52	3
355	6	53	1
356	6	54	1
357	7	8	1
358	7	9	1
360	7	11	1
361	7	12	1
363	7	14	1
364	7	15	2
366	7	17	3
368	7	19	1
369	7	20	1
371	7	22	2
372	7	23	2
373	7	24	3
374	7	25	2
375	7	26	1
376	7	27	2
377	7	28	2
378	7	29	2
379	7	30	1
380	7	31	5
381	7	32	2
382	7	33	2
384	7	35	2
385	7	36	1
388	7	39	2
389	7	40	3
392	7	43	1
393	7	44	1
395	7	46	1
396	7	47	2
398	7	49	1
399	7	50	1
400	7	51	2
401	7	52	1
403	7	54	1
404	8	9	1
407	8	12	2
410	8	15	1
412	8	17	2
414	8	19	1
415	8	20	1
416	8	21	1
418	8	23	2
421	8	26	2
426	8	31	2
427	8	32	2
430	8	35	1
432	8	37	1
434	8	39	1
435	8	40	1
436	8	41	2
437	8	42	2
439	8	44	1
443	8	48	2
444	8	49	1
447	8	52	1
448	8	53	1
450	9	10	2
451	9	11	2
452	9	12	2
453	9	13	1
455	9	15	1
456	9	16	1
458	9	18	1
460	9	20	1
461	9	21	1
462	9	22	1
463	9	23	1
464	9	24	2
466	9	26	1
467	9	27	1
468	9	28	3
469	9	29	1
470	9	30	2
471	9	31	3
473	9	33	2
474	9	34	2
476	9	36	2
477	9	37	2
478	9	38	2
479	9	39	1
482	9	42	1
483	9	43	1
484	9	44	1
486	9	46	1
490	9	50	1
493	9	53	3
494	9	54	1
495	10	11	3
496	10	12	1
497	10	13	1
498	10	14	1
499	10	15	1
500	10	16	1
501	10	17	1
502	10	18	1
504	10	20	2
505	10	21	1
506	10	22	2
507	10	23	3
509	10	25	1
512	10	28	1
514	10	30	2
515	10	31	1
517	10	33	2
520	10	36	2
522	10	38	3
530	10	46	1
532	10	48	1
534	10	50	1
537	10	53	1
539	11	12	1
540	11	13	2
541	11	14	1
543	11	16	2
547	11	20	1
548	11	21	1
549	11	22	1
550	11	23	5
551	11	24	1
552	11	25	4
554	11	27	1
556	11	29	2
557	11	30	2
558	11	31	2
560	11	33	1
563	11	36	1
565	11	38	3
566	11	39	2
567	11	40	1
568	11	41	1
569	11	42	2
570	11	43	1
571	11	44	1
572	11	45	1
573	11	46	1
574	11	47	1
575	11	48	1
576	11	49	1
577	11	50	1
578	11	51	1
579	11	52	1
580	11	53	1
581	11	54	1
582	12	13	1
583	12	14	3
584	12	15	2
585	12	16	1
586	12	17	3
587	12	18	1
588	12	19	2
589	12	20	1
590	12	21	5
592	12	23	1
593	12	24	2
594	12	25	1
595	12	26	2
597	12	28	2
598	12	29	1
600	12	31	3
601	12	32	1
603	12	34	2
604	12	35	1
605	12	36	2
606	12	37	1
607	12	38	1
610	12	41	1
611	12	42	1
612	12	43	1
614	12	45	2
615	12	46	4
617	12	48	2
619	12	50	1
620	12	51	1
621	12	52	1
622	12	53	3
623	12	54	2
624	13	14	1
631	13	21	2
633	13	23	2
634	13	24	2
635	13	25	1
637	13	27	1
638	13	28	1
640	13	30	1
641	13	31	2
643	13	33	1
646	13	36	1
647	13	37	1
648	13	38	4
649	13	39	1
651	13	41	1
654	13	44	1
656	13	46	1
658	13	48	1
659	13	49	1
660	13	50	1
664	13	54	1
665	14	15	2
667	14	17	2
669	14	19	2
671	14	21	2
672	14	22	2
673	14	23	1
674	14	24	2
675	14	25	1
678	14	28	1
681	14	31	2
683	14	33	1
686	14	36	1
688	14	38	1
696	14	46	2
698	14	48	2
699	14	49	1
703	14	53	1
704	14	54	1
706	15	17	3
708	15	19	1
709	15	20	1
710	15	21	1
711	15	22	4
712	15	23	1
713	15	24	3
714	15	25	1
715	15	26	1
717	15	28	1
719	15	30	1
720	15	31	2
722	15	33	2
724	15	35	1
726	15	37	1
727	15	38	1
728	15	39	1
729	15	40	1
730	15	41	1
731	15	42	1
732	15	43	2
734	15	45	1
735	15	46	1
737	15	48	2
738	15	49	1
739	15	50	2
741	15	52	1
742	15	53	3
743	15	54	3
744	16	17	2
745	16	18	1
746	16	19	1
748	16	21	1
749	16	22	2
750	16	23	2
752	16	25	3
753	16	26	1
754	16	27	1
756	16	29	1
757	16	30	2
761	16	34	1
762	16	35	1
763	16	36	1
764	16	37	1
765	16	38	1
768	16	41	1
769	16	42	1
773	16	46	2
776	16	49	1
777	16	50	1
778	16	51	2
779	16	52	1
780	16	53	1
783	17	19	2
784	17	20	4
785	17	21	2
786	17	22	4
787	17	23	3
788	17	24	1
789	17	25	1
791	17	27	2
792	17	28	1
794	17	30	1
795	17	31	3
797	17	33	3
798	17	34	1
799	17	35	3
800	17	36	2
801	17	37	1
802	17	38	1
804	17	40	1
805	17	41	3
807	17	43	2
809	17	45	1
810	17	46	3
811	17	47	2
812	17	48	1
813	17	49	2
814	17	50	1
815	17	51	2
816	17	52	1
817	17	53	2
821	18	21	1
823	18	23	1
824	18	24	1
825	18	25	1
826	18	26	1
828	18	28	1
829	18	29	1
830	18	30	2
837	18	37	1
839	18	39	1
841	18	41	1
845	18	45	1
853	18	53	1
854	18	54	1
856	19	21	1
857	19	22	1
858	19	23	1
859	19	24	2
862	19	27	1
864	19	29	1
866	19	31	1
868	19	33	1
871	19	36	1
873	19	38	1
874	19	39	1
878	19	43	1
879	19	44	1
881	19	46	1
883	19	48	1
884	19	49	1
886	19	51	1
889	19	54	1
891	20	22	2
892	20	23	3
894	20	25	1
896	20	27	1
899	20	30	1
900	20	31	1
902	20	33	3
904	20	35	1
905	20	36	2
906	20	37	1
907	20	38	1
910	20	41	1
912	20	43	1
915	20	46	1
916	20	47	1
918	20	49	1
919	20	50	1
921	20	52	1
924	21	22	1
925	21	23	1
926	21	24	1
927	21	25	1
928	21	26	1
929	21	27	2
930	21	28	2
931	21	29	2
932	21	30	1
933	21	31	1
935	21	33	1
936	21	34	1
937	21	35	1
938	21	36	1
940	21	38	1
941	21	39	1
942	21	40	1
943	21	41	2
945	21	43	1
947	21	45	2
948	21	46	2
950	21	48	2
951	21	49	1
953	21	51	1
955	21	53	1
956	21	54	1
957	22	23	2
958	22	24	2
961	22	27	2
962	22	28	1
963	22	29	1
964	22	30	1
965	22	31	1
967	22	33	3
968	22	34	1
969	22	35	1
970	22	36	1
972	22	38	1
973	22	39	1
975	22	41	1
977	22	43	1
979	22	45	1
980	22	46	2
982	22	48	1
983	22	49	1
984	22	50	1
985	22	51	2
986	22	52	1
987	22	53	1
988	22	54	1
989	23	24	1
990	23	25	4
991	23	26	1
993	23	28	1
994	23	29	1
995	23	30	5
996	23	31	4
998	23	33	2
1000	23	35	3
1001	23	36	3
1002	23	37	1
1003	23	38	2
1004	23	39	2
1005	23	40	2
1006	23	41	2
1010	23	45	1
1011	23	46	2
1012	23	47	3
1013	23	48	2
1014	23	49	2
1015	23	50	2
1016	23	51	1
1017	23	52	1
1020	24	25	1
1022	24	27	3
1023	24	28	2
1024	24	29	2
1025	24	30	3
1026	24	31	4
1027	24	32	1
1028	24	33	2
1030	24	35	1
1031	24	36	1
1033	24	38	5
1034	24	39	3
1035	24	40	1
1037	24	42	2
1038	24	43	2
1039	24	44	2
1041	24	46	4
1042	24	47	1
1043	24	48	1
1045	24	50	2
1046	24	51	3
1047	24	52	2
1048	24	53	2
1049	24	54	3
1050	25	26	2
1051	25	27	2
1052	25	28	1
1053	25	29	1
1054	25	30	3
1055	25	31	1
1056	25	32	1
1057	25	33	1
1059	25	35	1
1061	25	37	1
1063	25	39	1
1064	25	40	1
1065	25	41	1
1066	25	42	1
1067	25	43	1
1069	25	45	1
1070	25	46	2
1071	25	47	1
1072	25	48	1
1073	25	49	1
1074	25	50	2
1075	25	51	1
1076	25	52	2
1079	26	27	1
1080	26	28	1
1082	26	30	1
1084	26	32	1
1086	26	34	1
1089	26	37	1
1091	26	39	1
1093	26	41	3
1094	26	42	1
1097	26	45	1
1100	26	48	2
1101	26	49	1
1102	26	50	1
1105	26	53	1
1106	26	54	1
1107	27	28	2
1108	27	29	1
1109	27	30	2
1110	27	31	2
1112	27	33	3
1117	27	38	2
1118	27	39	2
1119	27	40	1
1120	27	41	1
1121	27	42	1
1122	27	43	3
1123	27	44	2
1124	27	45	1
1125	27	46	1
1130	27	51	3
1131	27	52	1
1134	28	29	1
1135	28	30	1
1136	28	31	2
1138	28	33	1
1139	28	34	3
1141	28	36	3
1143	28	38	2
1144	28	39	2
1145	28	40	2
1146	28	41	2
1148	28	43	1
1149	28	44	1
1150	28	45	2
1151	28	46	3
1155	28	50	2
1156	28	51	3
1157	28	52	1
1158	28	53	2
1160	29	30	1
1161	29	31	2
1162	29	32	2
1164	29	34	1
1168	29	38	1
1169	29	39	3
1170	29	40	1
1172	29	42	1
1173	29	43	1
1175	29	45	2
1176	29	46	1
1177	29	47	1
1180	29	50	1
1181	29	51	1
1182	29	52	1
1185	30	31	4
1187	30	33	3
1189	30	35	1
1190	30	36	1
1191	30	37	1
1192	30	38	3
1195	30	41	1
1199	30	45	1
1204	30	50	2
1209	31	32	1
1210	31	33	2
1212	31	35	1
1214	31	37	1
1215	31	38	1
1216	31	39	1
1217	31	40	2
1219	31	42	1
1220	31	43	1
1221	31	44	1
1222	31	45	1
1223	31	46	3
1225	31	48	1
1226	31	49	1
1227	31	50	2
1228	31	51	1
1229	31	52	1
1230	31	53	1
1231	31	54	1
1234	32	35	1
1235	32	36	1
1238	32	39	1
1240	32	41	1
1241	32	42	2
1242	32	43	1
1245	32	46	1
1247	32	48	2
1248	32	49	2
1249	32	50	2
1250	32	51	1
1251	32	52	1
1256	33	36	1
1258	33	38	3
1260	33	40	1
1261	33	41	1
1263	33	43	1
1266	33	46	1
1269	33	49	1
1270	33	50	1
1271	33	51	1
1272	33	52	1
1275	34	35	1
1276	34	36	1
1278	34	38	1
1281	34	41	1
1283	34	43	1
1284	34	44	1
1286	34	46	1
1287	34	47	1
1290	34	50	1
1292	34	52	1
1293	34	53	1
1295	35	36	1
1297	35	38	1
1298	35	39	1
1299	35	40	2
1300	35	41	1
1302	35	43	1
1305	35	46	1
1306	35	47	1
1307	35	48	1
1308	35	49	2
1311	35	52	1
1313	35	54	1
1314	36	37	1
1315	36	38	2
1318	36	41	1
1323	36	46	4
1324	36	47	3
1325	36	48	1
1326	36	49	2
1327	36	50	2
1328	36	51	2
1329	36	52	1
1332	37	38	1
1334	37	40	2
1335	37	41	1
1337	37	43	1
1346	37	52	1
1347	37	53	1
1348	37	54	1
1349	38	39	2
1351	38	41	1
1352	38	42	1
1353	38	43	1
1354	38	44	1
1360	38	50	2
1362	38	52	1
1363	38	53	1
1364	38	54	2
1365	39	40	1
1366	39	41	1
1367	39	42	2
1368	39	43	1
1369	39	44	1
1372	39	47	1
1373	39	48	1
1374	39	49	1
1375	39	50	1
1377	39	52	1
1379	39	54	1
1380	40	41	1
1382	40	43	2
1383	40	44	1
1385	40	46	2
1386	40	47	1
1389	40	50	1
1390	40	51	2
1391	40	52	3
1392	40	53	1
1394	41	42	1
1395	41	43	1
1396	41	44	1
1397	41	45	1
1398	41	46	2
1399	41	47	1
1400	41	48	2
1401	41	49	2
1403	41	51	2
1404	41	52	1
1405	41	53	2
1406	41	54	1
1407	42	43	2
1410	42	46	1
1412	42	48	1
1413	42	49	2
1414	42	50	1
1415	42	51	1
1417	42	53	1
1418	42	54	1
1419	43	44	1
1420	43	45	1
1421	43	46	1
1422	43	47	1
1423	43	48	2
1425	43	50	1
1426	43	51	1
1427	43	52	1
1428	43	53	1
1429	43	54	1
1431	44	46	1
1432	44	47	1
1435	44	50	1
1436	44	51	1
1437	44	52	1
1439	44	54	1
1445	45	51	1
1447	45	53	1
1448	45	54	1
1449	46	47	3
1450	46	48	1
1451	46	49	1
1452	46	50	1
1453	46	51	3
1454	46	52	3
1455	46	53	1
1456	46	54	1
1457	47	48	1
1458	47	49	1
1460	47	51	2
1461	47	52	2
1464	48	49	1
1466	48	51	1
1468	48	53	2
1470	49	50	2
1471	49	51	1
1475	50	51	1
1476	50	52	3
1479	51	52	3
1484	53	54	1
